# range of table (0.03,5.025)
0.03 0.5551 -0.0150124 0.402132
0.034995 0.55503 -0.0130038 0.402132
0.03999 0.55497 -0.0110189 0.392598
0.044985 0.55491 -0.0148996 -1.95109
0.04998 0.55483 -0.013293 2.61513
0.054975 0.55478 -0.0100734 -1.36031
0.05997 0.55472 -0.0123612 0.47355
0.064965 0.55466 -0.0125119 -0.551259
0.06996 0.554591 -0.0155009 -0.638828
0.074955 0.554501 -0.0212744 -1.68059
0.07995 0.554381 -0.0250747 0.185209
0.084945 0.554252 -0.0282955 -1.51073
0.08994 0.554092 -0.0353278 -1.28342
0.094935 0.553903 -0.0399647 -0.567625
0.09993 0.553693 -0.0445048 -1.26873
0.104925 0.553454 -0.0515166 -1.5324
0.10992 0.553184 -0.0548839 0.214237
0.114915 0.552905 -0.0587332 -1.81647
0.11991 0.552596 -0.0635897 -0.062649
0.124905 0.552276 -0.0647074 -0.424176
0.1299 0.551947 -0.0673442 -0.627832
0.134895 0.551607 -0.0676884 0.516934
0.13989 0.551277 -0.0641678 0.875585
0.144885 0.550967 -0.0601506 0.722023
0.14988 0.550677 -0.0558056 1.02857
0.154875 0.550416 -0.0475156 2.314
0.15987 0.550214 -0.0319173 3.93948
0.164865 0.550102 -0.0135827 3.34369
0.16986 0.550079 0.00533361 4.27324
0.174855 0.550175 0.0361648 8.15303
0.17985 0.55044 0.0661315 3.59839
0.184845 0.550844 0.102259 11.241
0.18984 0.551495 0.157537 10.6241
0.194835 0.552406 0.205628 8.59502
0.19983 0.553574 0.269616 17.3846
0.204825 0.555111 0.338887 9.78098
0.20982 0.556974 0.418923 23.0162
0.214815 0.559316 0.508775 12.0609
0.21981 0.562064 0.605685 27.7639
0.224805 0.565399 0.719734 16.8484
0.2298 0.569226 0.818389 23.3768
0.234795 0.573652 0.963431 34.8667
0.23979 0.578848 1.10417 20.4123
0.244785 0.584655 1.23101 31.4953
0.24978 0.591203 1.3912 32.1472
0.254775 0.598559 1.55546 33.6855
0.25977 0.606752 1.72561 34.4014
0.264765 0.615838 1.92047 44.032
0.26976 0.625881 2.07709 16.9312
0.274755 0.636641 2.27468 65.9296
0.27975 0.648648 2.48542 13.2708
0.284745 0.661424 2.6827 71.5435
0.28974 0.675549 2.92545 19.7203
0.294735 0.690491 3.08477 48.5971
0.29973 0.70651 3.32591 46.0362
0.304725 0.723683 3.54721 42.637
0.30972 0.741994 3.79924 59.3819
0.314715 0.761518 3.97008 4.96745
0.31971 0.781726 4.20476 97.6339
0.324705 0.803613 4.46394 -5.77124
0.3297 0.826175 4.66785 100.55
0.334695 0.850488 4.9868 14.7797
0.33969 0.875502 5.02547 6.22549
0.344685 0.900982 5.24931 88.684
0.34968 0.928235 5.63054 56.3655
0.354675 0.956777 5.73534 -16.4821
0.35967 0.985677 5.95976 120.111
0.364665 1.01651 6.25203 -22.5059
0.36966 1.04774 6.34996 79.523
0.374655 1.08007 6.48054 -43.8865
0.37965 1.11246 6.65641 136.527
0.384645 1.14684 6.93146 -54.0661
0.38964 1.18135 7.06348 136.099
0.394635 1.21781 7.3677 -43.1785
0.39963 1.25428 7.32819 49.5078
0.404625 1.29163 7.63381 65.403
0.40962 1.3301 7.64717 -70.8701
0.414615 1.3681 7.76874 147.409
0.41961 1.40816 8.07268 -60.9192
0.424605 1.44795 7.96936 47.2378
0.4296 1.48833 8.16733 18.8603
0.434595 1.52951 8.36471 67.4809
0.43959 1.57159 8.33664 -96.6133
0.444585 1.6128 8.40057 158.196
0.44958 1.65606 8.68379 -89.8289
0.454575 1.69859 8.48281 45.7379
0.45957 1.74156 8.68975 20.0218
0.464565 1.78518 8.77644 18.3694
0.46956 1.82936 8.94167 50.3669
0.474555 1.87409 8.81436 -119.359
0.47955 1.9175 8.8409 172.905
0.484545 1.96306 9.12094 -117.515
0.48954 2.00744 8.81106 39.9134
0.494535 2.05201 8.99914 13.7769
0.49953 2.09706 9.02787 1.20737
0.504525 2.14235 9.15486 55.5769
0.50952 2.18811 8.97928 -151.351
0.514515 2.23204 8.93199 187.579
0.51951 2.2782 9.22758 -139.854
0.524505 2.32283 8.82657 36.3729
0.5295 2.36741 8.97346 -5.43884
0.534495 2.41217 8.96713 11.9274
0.53949 2.4571 9.01425 3.29566
0.544485 2.50215 9.02311 1.35037
0.54948 2.54736 9.10904 36.7833
0.554475 2.59282 8.94829 -121.776
0.55947 2.63619 8.52018 -19.8372
0.564465 2.67923 8.87229 166.214
0.56946 2.72474 9.05099 -149
0.574455 2.76832 8.5781 18.4103
0.57945 2.81152 8.68405 -3.87488
0.584445 2.8548 8.64663 -5.37057
0.58944 2.8981 8.73656 46.6043
0.594435 2.94156 8.44002 -199.406
0.59943 2.98234 8.28299 215.645
0.604425 3.02543 8.53804 -220.881
0.60942 3.0662 8.2111 202.968
0.614415 3.10903 8.55582 -172.594
0.61941 3.14979 7.97822 22.4074
0.624405 3.19008 8.10467 -9.41373
0.6294 3.23038 8.03749 -8.50228
0.634395 3.27045 8.01322 -1.7383
0.63939 3.31043 7.98509 -11.4482
0.644385 3.35021 7.95472 2.4366
0.64938 3.3899 7.91172 -25.2072
0.654375 3.42932 7.94699 53.2872
0.65937 3.46892 7.65726 -214.635
0.664365 3.50554 7.42094 214.462
0.66936 3.54442 7.7037 -225.463
0.674355 3.58084 7.30884 195.96
0.67935 3.61924 7.69427 -161.22
0.684345 3.65553 6.98579 -42.6825
0.68934 3.69082 7.33289 183.789
0.694335 3.72883 7.53665 -180.598
0.69933 3.76437 6.90676 14.9634
0.704325 3.79927 7.01674 -14.5082
0.70932 3.83408 6.93869 -4.62513
0.714315 3.86868 6.90131 -15.006
0.71931 3.90298 6.84438 -4.13172
0.724305 3.93708 6.79535 -19.7457
0.7293 3.97093 6.80742 35.0627
0.734295 4.00475 6.52509 -188.881
0.73929 4.03568 6.17569 132.664
0.744285 4.06834 6.78057 36.2752
0.74928 4.10169 6.35145 -218.549
0.754275 4.13172 6.09527 217.287
0.75927 4.1641 6.4019 -241.549
0.764265 4.19376 5.95235 221.401
0.76926 4.2256 6.31867 -237.993
0.774255 4.25479 5.8335 205.912
0.77925 4.28605 6.27331 -182.32
0.784245 4.31507 5.5834 21.9578
0.78924 4.34335 5.62239 -72.0425
0.794235 4.37113 5.76106 194.145
0.79923 4.4016 6.05726 -186.661
0.804225 4.42953 5.36265 19.202
0.80922 4.45683 5.4933 -26.1688
0.814215 4.48388 5.37472 0.970233
0.81921 4.51076 5.37089 -13.1352
0.824205 4.53739 5.29566 -12.6919
0.8292 4.56371 5.24393 -8.18943
0.834195 4.58981 5.20838 -6.45651
0.83919 4.61572 5.16115 -13.8444
0.844185 4.64134 5.10383 -6.43888
0.84918 4.66675 5.06392 -12.2096
0.854175 4.69188 4.99816 -12.7364
0.85917 4.71682 5.02631 31.0542
0.864165 4.74172 4.73215 -195.092
0.86916 4.76357 4.36414 153.007
0.874155 4.78735 4.93787 -34.635
0.87915 4.8114 4.79925 47.3989
0.884145 4.83546 4.58686 -202.992
0.88914 4.85638 4.13801 139.273
0.894135 4.87912 4.82449 34.5373
0.89913 4.90266 4.39688 -208.577
0.904125 4.92284 4.08231 196.035
0.90912 4.94526 4.47007 -206.166
0.914115 4.96519 3.88915 140.892
0.91911 4.9868 4.60516 28.3907
0.924105 5.00916 4.16082 -201.863
0.9291 5.02823 3.86346 194.021
0.934095 5.04955 4.25043 -207.095
0.93909 5.06843 3.71873 172.844
0.944085 5.08911 4.21564 -139.804
0.94908 5.10794 3.45052 -56.9344
0.954075 5.12544 3.75764 184.372
0.95907 5.14578 4.00197 -204.203
0.964065 5.16353 3.50953 177.293
0.96906 5.18321 4.01221 -147.365
0.974055 5.20095 3.24235 -39.8952
0.97905 5.21754 3.55951 155.281
0.984045 5.23672 3.82763 -138.128
0.98904 5.2538 3.14086 -40.8661
0.994035 5.26981 3.43052 152.508
0.99903 5.28837 3.71839 -127.704
1.00403 5.30496 3.03264 -56.94
1.00902 5.32028 3.2943 170.51
1.01402 5.33834 3.60704 -156.15
1.01901 5.35417 2.93818 13.3851
1.02401 5.36932 3.02961 -54.7554
1.029 5.3841 3.10807 162.367
1.034 5.40131 3.46477 -143.245
1.03899 5.41648 2.78296 -10.418
1.04399 5.43074 2.91497 10.4258
1.04898 5.44517 2.80419 -59.8374
1.05398 5.45891 2.91582 166.373
1.05897 5.47521 3.28867 -142.917
1.06397 5.48949 2.60776 -4.81724
1.06896 5.50294 2.75357 3.75708
1.07396 5.51649 2.62563 -52.9705
1.07895 5.52941 2.75308 159.867
1.08395 5.54482 3.10658 -141.204
1.08894 5.55821 2.43132 -3.67093
1.09394 5.57077 2.56589 -5.86355
1.09893 5.58341 2.51069 3.35542
1.10393 5.59591 2.44004 -50.4851
1.10892 5.60786 2.53988 150.456
1.11392 5.62215 2.89497 -128.587
1.11891 5.63463 2.25954 -5.053
1.12391 5.6463 2.38341 -6.23635
1.1289 5.65798 2.29677 -12.4895
1.1339 5.66937 2.28232 8.11655
1.13889 5.68077 2.2236 -49.2898
1.14389 5.69162 2.31271 146.213
1.14888 5.70479 2.68508 -117.117
1.15388 5.71629 2.05499 -19.6294
1.15887 5.72678 2.1424 4.58088
1.16387 5.73742 2.1049 -14.8537
1.16886 5.74776 2.05021 -0.835135
1.17386 5.75804 2.06352 1.7095
1.17885 5.76825 1.98447 -42.8318
1.18385 5.77798 2.08906 139.852
1.18884 5.78996 2.44345 -115.897
1.19384 5.80027 1.82158 -14.5371
1.19883 5.80966 1.9205 -2.76803
1.20383 5.81911 1.86792 -3.93037
1.20882 5.82841 1.85583 -5.38941
1.21382 5.83762 1.83748 1.36797
1.21881 5.84673 1.76759 -42.3652
1.22381 5.85536 1.86335 138.21
1.2288 5.86623 2.22749 -114.007
1.2338 5.87546 1.60534 -11.4743
1.23879 5.88382 1.72321 -3.36528
1.24379 5.89227 1.67032 1.11104
1.24878 5.90057 1.61029 -43.0499
1.25378 5.90839 1.70119 140.953
1.25877 5.91853 2.0955 -109.606
1.26377 5.92709 1.4611 -19.1496
1.26876 5.93466 1.56296 1.61896
1.27376 5.94239 1.53466 0.963503
1.27875 5.95 1.4708 -41.5925
1.28375 5.95712 1.55498 135.212
1.28874 5.96648 1.934 -109.415
1.29374 5.97424 1.30685 -13.3103
1.29873 5.98115 1.45415 10.4985
1.30373 5.9883 1.36324 -46.3728
1.30872 5.99484 1.42937 132.963
1.31372 6.00358 1.81841 -104.744
1.31871 6.01082 1.21515 -6.1698
1.32371 6.01725 1.30367 -37.3098
1.3287 6.02343 1.34026 131.345
1.3337 6.03174 1.74227 -103.215
1.33869 6.0386 1.13516 -6.37579
1.34369 6.04464 1.22289 -40.1405
1.34868 6.05034 1.23185 125.309
1.35368 6.05811 1.65367 -84.9674
1.35867 6.06465 1.03612 -51.2164
1.36367 6.06994 1.2258 124.786
1.36866 6.07748 1.58196 -84.2126
1.37366 6.08372 0.977591 -57.0726
1.37865 6.08863 1.14201 128.51
1.38365 6.09584 1.52716 -83.9441
1.38864 6.10178 0.920062 -52.1075
1.39364 6.10647 1.10171 124.178
1.39863 6.1134 1.46357 -84.1456
1.40363 6.11905 0.862969 -50.3547
1.40862 6.12345 1.03608 115.944
1.41362 6.12998 1.38657 -72.0766
1.41861 6.13539 0.827775 -58.9238
1.42361 6.13949 0.976498 132.323
1.4286 6.14589 1.3304 -119.805
1.4336 6.15067 0.838912 107.677
1.43859 6.1567 1.3186 -114.166
1.44359 6.16133 0.790615 105.325
1.44858 6.16714 1.28188 -112.444
1.45358 6.17158 0.748339 102.743
1.45857 6.17717 1.24544 -105.901
1.46357 6.1815 0.729216 98.4231
1.46856 6.18693 1.20153 -107.301
1.47356 6.19104 0.691506 103.155
1.47855 6.19635 1.18418 -109.654
1.48355 6.2003 0.645523 99.7752
1.48854 6.20538 1.14849 -102.898
1.49354 6.20923 0.626189 95.2804
1.49853 6.21414 1.10487 -103.574
1.50353 6.21778 0.58755 97.3639
1.50852 6.22254 1.09138 -96.2019
1.51352 6.22611 0.527814 57.8923
1.51851 6.23032 1.1064 44.9749
1.52351 6.23568 0.91126 -111.154
1.5285 6.23889 0.543809 55.55
1.5335 6.24291 1.02991 47.3288
1.53849 6.24802 0.879381 -114.314
1.54349 6.25097 0.4787 57.6316
1.54848 6.25475 0.994386 48.9673
1.55348 6.25967 0.839553 -114.418
1.55847 6.26242 0.438805 57.9956
1.56347 6.26601 0.95171 44.5782
1.56846 6.27065 0.778794 -112.391
1.57346 6.27316 0.404339 64.8713
1.57845 6.2766 0.90178 19.7103
1.58345 6.28082 0.770739 -18.5553
1.58844 6.28462 0.792564 30.1708
1.59344 6.2888 0.745097 -109.238
1.59843 6.29099 0.312661 60.2286
1.60343 6.294 0.824332 22.7901
1.60842 6.29787 0.716985 -7.47489
1.61342 6.30147 0.719651 -9.43759
1.61841 6.30495 0.702394 21.2258
1.62341 6.30862 0.649468 -99.2446
1.6284 6.31047 0.257287 57.287
1.6334 6.31312 0.736979 17.8611
1.63839 6.31651 0.615811 -6.14839
1.64339 6.31966 0.645858 -1.03927
1.64838 6.32281 0.613665 -5.90737
1.65338 6.32583 0.598387 0.645299
1.65837 6.32883 0.599148 -4.58616
1.66337 6.33175 0.577212 1.57418
1.66836 6.33467 0.578539 -9.48245
1.67336 6.33741 0.534502 4.03887
1.67835 6.34018 0.563446 -6.27637
1.68335 6.34285 0.511538 -3.30999
1.68834 6.34543 0.523051 3.72897
1.69334 6.34806 0.516754 -11.6018
1.69833 6.35048 0.476418 10.6508
1.70333 6.35302 0.498013 -30.9875
1.70832 6.35515 0.471354 89.1694
1.71332 6.35887 0.866182 -54.737
1.71831 6.3618 0.360743 -26.8262
1.72331 6.36382 0.461194 7.54879
1.7283 6.36606 0.434009 -3.2485
1.7333 6.36818 0.390426 -26.1413
1.73829 6.36992 0.417995 91.2385
1.74329 6.37335 0.805214 -54.3019
1.74828 6.37598 0.302559 -25.4122
1.75328 6.3777 0.373505 -16.9566
1.75827 6.3793 0.369676 84.9887
1.76327 6.38245 0.744396 -55.837
1.76826 6.38476 0.244681 -17.928
1.77326 6.38632 0.360075 -15.7318
1.77825 6.38779 0.321689 73.6268
1.78325 6.3906 0.686173 -37.3117
1.78824 6.39286 0.22672 -54.3854
1.79324 6.39388 0.307325 95.2952
1.79823 6.39671 0.658883 -70.8359
1.80323 6.39849 0.198757 53.1331
1.80822 6.40093 0.666162 -31.917
1.81322 6.40298 0.159693 -58.2074
1.81821 6.40368 0.24703 94.64
1.82321 6.40619 0.600477 -66.4306
1.8282 6.40775 0.161011 55.7005
1.8332 6.40999 0.600483 -57.473
1.83819 6.41149 0.13553 52.2712
1.84319 6.41361 0.582387 -54.4779
1.84818 6.41504 0.11404 45.164
1.85318 6.41696 0.540759 -45.7234
1.85817 6.41832 0.0958921 25.2788
1.86317 6.41994 0.549471 47.3987
1.86816 6.42268 0.433835 -88.6451
1.87316 6.42366 0.0999763 55.0847
1.87815 6.42543 0.494851 -45.9218
1.88315 6.4266 0.0570209 19.8658
1.88814 6.42794 0.484724 50.1815
1.89314 6.43043 0.400045 -86.217
1.89813 6.43121 0.0341678 38.4684
1.90313 6.43254 0.461538 20.0972
1.90812 6.43458 0.360884 10.3825
1.91312 6.43664 0.384028 -70.5832
1.91811 6.43736 0.0103502 32.4289
1.92311 6.43851 0.419144 19.7297
1.9281 6.44035 0.321285 10.4463
1.9331 6.44222 0.345106 -70.7876
1.93809 6.44273 -0.030087 34.835
1.94309 6.44374 0.401567 22.1097
1.94808 6.44546 0.277489 -5.59601
1.95308 6.44698 0.329128 -3.55922
1.95807 6.44847 0.271514 -0.4029
1.96307 6.44991 0.305294 1.3899
1.96806 6.45139 0.27594 -10.546
1.97306 6.45266 0.257406 16.6936
1.97805 6.45415 0.263741 -65.3487
1.98305 6.45436 -0.0869713 24.9218
1.98804 6.45491 0.292955 29.4329
1.99304 6.45627 0.225961 -10.7671
1.99803 6.45737 0.220988 -1.03261
2.00303 6.45845 0.219467 5.56291
2.00802 6.45962 0.221638 -21.2645
2.01302 6.46045 0.191359 64.7258
2.01801 6.46254 0.549159 -29.7915
2.02301 6.46418 0.122079 -33.3569
2.028 6.4649 0.195462 9.79389
2.033 6.46586 0.176154 -5.71555
2.03799 6.46668 0.158423 -1.28567
2.04299 6.46747 0.160261 1.1555
2.04798 6.46826 0.13888 -17.739
2.05298 6.46876 0.133359 60.076
2.05797 6.47047 0.465463 -22.4106
2.06297 6.47184 0.0904496 -33.6425
2.06796 6.47231 0.109555 -8.45769
2.07296 6.4727 0.111581 62.0776
2.07795 6.47433 0.447514 -31.1706
2.08295 6.47545 0.0237197 -26.2221
2.08794 6.4758 0.120507 -7.86679
2.09294 6.4761 0.0626986 53.4967
2.09793 6.47747 0.408469 -18.6237
2.10293 6.47855 0.0109628 -50.8193
2.10792 6.47848 0.0622561 72.1816
2.11292 6.47987 0.386794 -41.2986
2.11791 6.4806 -0.0212192 22.9893
2.12291 6.4816 0.379452 -5.6092
2.1279 6.4826 -0.00737937 -54.7182
2.1329 6.48237 0.0179312 69.0658
2.13789 6.48354 0.347882 -36.7933
2.14289 6.48413 -0.0397336 25.5287
2.14788 6.48504 0.341074 -27.3539
2.15288 6.48558 -0.0634581 22.6136
2.15787 6.48638 0.322339 -26.5154
2.16287 6.48682 -0.0843693 23.4767
2.16786 6.48755 0.32398 -18.2765
2.17286 6.48808 -0.0797999 1.35042
2.17785 6.48852 0.28409 46.6063
2.18285 6.49002 0.219866 -66.9352
2.18784 6.49012 -0.084809 32.9361
2.19284 6.49075 0.276471 -22.2597
2.19783 6.49106 -0.117542 0.67964
2.20283 6.4913 0.241434 50.1635
2.20782 6.49265 0.204467 -65.2488
2.21282 6.49264 -0.126444 20.9705
2.21781 6.49297 0.247449 23.7704
2.22281 6.49395 0.137632 4.30094
2.2278 6.49493 0.204558 -48.5466
2.2328 6.49491 -0.150727 12.0956
2.23779 6.49504 0.204949 26.3836
2.24279 6.49588 0.119986 7.04744
2.24778 6.49678 0.18584 -51.8823
2.25278 6.49661 -0.193635 10.8904
2.25777 6.49656 0.185532 34.5424
2.26277 6.49738 0.105719 -12.3457
2.26776 6.49792 0.1237 4.11859
2.27276 6.49854 0.120128 -4.09589
2.27775 6.49908 0.0975229 -1.10129
2.28275 6.49958 0.101695 -2.24597
2.28774 6.50005 0.0956547 9.99044
2.29274 6.50066 0.0974452 -50.6123
2.29773 6.5002 -0.225736 10.7515
2.30273 6.49989 0.118263 36.2186
2.30772 6.50046 0.0712802 -13.493
2.31272 6.50075 0.0587307 4.60012
2.31771 6.50111 0.0665576 -15.8365
2.32271 6.50118 0.0168158 45.5971
2.3277 6.50222 0.347273 -8.52054
2.3327 6.50313 0.00212061 -36.5256
2.33769 6.50317 0.0497947 10.6216
2.34269 6.50343 0.0387291 -5.82534
2.34768 6.50356 0.0179158 -0.263498
2.35268 6.50367 0.0225548 -4.2634
2.35767 6.50369 -0.0056208 4.44721
2.36267 6.50379 0.030165 -11.736
2.36766 6.50368 -0.0248019 40.7849
2.37266 6.50445 0.285983 -9.35531
2.37765 6.50506 -0.0573325 -33.9812
2.38265 6.50485 -0.0044908 -1.43438
2.38764 6.50463 -0.0448876 39.6601
2.39264 6.50528 0.264289 -5.02503
2.39763 6.50586 -0.0529945 -35.0514
2.40263 6.5056 -0.0272283 -4.03576
2.40762 6.50528 -0.0648087 39.7676
2.41262 6.50583 0.244086 -3.88373
2.41761 6.5063 -0.0875724 -50.0266
2.42261 6.50568 -0.0761818 54.3905
2.4276 6.50621 0.227194 -17.0649
2.4326 6.50645 -0.112639 2.31243
2.43759 6.50669 0.208076 6.21858
2.44259 6.50705 -0.106181 -49.0432
2.44758 6.50634 -0.0956461 50.6194
2.45258 6.50671 0.184617 -16.9399
2.45757 6.50677 -0.133298 9.00441
2.46257 6.50699 0.198754 -11.5064
2.46756 6.50698 -0.183142 5.45056
2.47256 6.50706 0.203684 -2.89854
2.47755 6.5071 -0.182214 -0.655602
2.48255 6.5071 0.179744 -0.460024
2.48754 6.50711 -0.176955 -2.66165
2.49254 6.50704 0.152876 3.58698
2.49753 6.50705 -0.163972 -15.3778
2.50253 6.50675 0.0972791 48.7011
2.50752 6.5075 0.123274 -48.1749
2.51252 6.50722 -0.188001 10.4928
2.51751 6.50711 0.133742 -3.95881
2.52251 6.50692 -0.211891 -7.85219
2.5275 6.50659 0.113527 35.8466
2.5325 6.50706 0.0427199 -3.41747
2.53749 6.50746 0.0905836 -34.1762
2.54249 6.50706 -0.223373 -3.39312
2.54748 6.50661 0.0824035 45.9865
2.55248 6.50715 0.0566206 -47.0136
2.55747 6.50666 -0.215228 -1.09417
2.56247 6.50614 0.0390966 36.486
2.56746 6.50643 0.0397246 -11.1617
2.57246 6.50652 0.0119993 8.29562
2.57745 6.50676 0.047619 -34.0698
2.58245 6.50621 -0.240882 -1.54108
2.58744 6.50564 0.0454021 34.4306
2.59244 6.50584 -0.0079185 -12.5206
2.59743 6.50579 0.0022398 3.20369
2.60243 6.5058 -0.00110213 -0.257655
2.60742 6.50581 0.00219566 -2.1752
2.61242 6.50576 -0.0217428 -2.67717
2.61741 6.50565 -0.0192742 0.507988
2.62241 6.50555 -0.0209109 0.654583
2.6274 6.50546 -0.017084 -3.12192
2.6324 6.5053 -0.0443283 0.285671
2.63739 6.50515 -0.0157778 0.918869
2.64239 6.50501 -0.0427416 -2.84344
2.64738 6.50481 -0.0367029 -2.11488
2.65238 6.50456 -0.0641917 -0.0934056
2.65737 6.5043 -0.0360631 1.30348
2.66237 6.50407 -0.0617615 -3.92739
2.66736 6.50375 -0.0602031 1.78153
2.67236 6.50347 -0.0573462 -3.1774
2.67735 6.50311 -0.0836468 -0.409012
2.68235 6.50275 -0.0580927 3.31922
2.68734 6.50245 -0.0744296 -11.3496
2.69234 6.50191 -0.107412 29.2889
2.69733 6.50207 0.155182 6.42743
2.70233 6.50233 -0.0944274 -38.7336
2.70732 6.50174 -0.0987701 8.8358
2.71232 6.5013 -0.093192 -9.35839
2.71731 6.50067 -0.12872 28.4132
2.72231 6.50072 0.135867 6.78123
2.7273 6.50087 -0.116125 -36.8111
2.7323 6.50023 -0.109195 -0.316248
2.73729 6.49954 -0.149736 25.1319
2.74229 6.49947 0.114047 9.76818
2.74728 6.49955 -0.128654 -43.5466
2.75228 6.49872 -0.141922 33.6923
2.75727 6.49863 0.0880806 7.31135
2.76227 6.49866 -0.121894 -43.0488
2.76726 6.49776 -0.171244 35.5131
2.77226 6.49767 0.106866 -3.44134
2.77725 6.49744 -0.211248 -9.14887
2.78225 6.49712 0.111258 13.7266
2.78724 6.49697 -0.206844 -18.8074
2.79224 6.49654 0.0775881 23.2154
2.79723 6.49648 -0.166528 -48.4545
2.80223 6.49542 -0.187538 37.2553
2.80722 6.49518 0.0628939 -4.09652
2.81222 6.4948 -0.228626 -7.41874
2.81721 6.49436 0.0870299 16.9798
2.82221 6.49417 -0.213978 -29.737
2.8272 6.49346 0.000551777 49.5264
2.8322 6.49377 0.0541665 -36.6732
2.83719 6.49325 -0.243319 -5.54565
2.84219 6.49268 0.0424114 15.7671
2.84718 6.49233 -0.219593 -16.8317
2.85218 6.49174 0.0187887 13.4549
2.85717 6.49131 -0.230683 -22.3812
2.86217 6.49052 -0.0214069 47.3689
2.86716 6.49072 0.0339059 -33.9693
2.87216 6.49014 -0.256535 -12.1956
2.87715 6.48937 -0.0034206 36.0233
2.88215 6.48932 -0.0556297 -5.2059
2.88714 6.48923 0.0170532 -18.6562
2.89214 6.48862 -0.273148 -19.5888
2.89713 6.48768 -0.0388842 48.2003
2.90213 6.48773 -0.0087569 -35.1341
2.90712 6.487 -0.27397 -9.95967
2.91212 6.48612 -0.0289135 38.5129
2.91711 6.48602 -0.0607414 -15.6313
2.92211 6.48564 -0.0681978 10.0165
2.9271 6.48547 -0.0260613 -24.2599
2.9321 6.48467 -0.293566 -14.0574
2.93709 6.48367 -0.0524537 41.709
2.94209 6.48351 -0.0594824 -12.9178
2.94708 6.48313 -0.0800496 -0.207299
2.95208 6.48273 -0.0796437 -0.179507
2.95707 6.48233 -0.0813629 0.854954
2.96207 6.48195 -0.0749688 -3.22544
2.96706 6.48148 -0.109096 2.08984
2.97206 6.48107 -0.0679905 -19.1312
2.97705 6.48014 -0.309923 -14.4701
2.98205 6.479 -0.0941433 38.1444
2.98704 6.47862 -0.101635 -10.2866
2.99204 6.47809 -0.0995109 2.84541
2.99703 6.4776 -0.0998634 -0.958598
3.00203 6.47709 -0.110921 -8.89003
3.00702 6.47637 -0.155657 22.1586
3.01202 6.47624 0.111405 17.4274
3.01701 6.47638 -0.120813 -45.3023
3.02201 6.47559 -0.143157 10.4023
3.027 6.47497 -0.11598 -0.974024
3.032 6.47432 -0.14404 -1.66086
3.03699 6.47366 -0.116608 2.76825
3.04199 6.47303 -0.140594 -4.45575
3.04698 6.47232 -0.138776 0.527594
3.05198 6.47161 -0.153981 -7.19726
3.05697 6.47074 -0.173932 23.1648
3.06197 6.47047 0.0710348 14.2466
3.06696 6.47039 -0.161762 -43.2832
3.07196 6.46945 -0.161933 12.8599
3.07695 6.46872 -0.150692 -8.05501
3.08195 6.46781 -0.195068 19.2619
3.08694 6.46743 0.0524916 15.093
3.09194 6.46724 -0.18745 -40.5218
3.09693 6.46628 -0.14774 9.09497
3.10193 6.4654 -0.213766 9.50842
3.10692 6.46487 0.0255233 21.4567
3.11192 6.46467 -0.172521 -45.1957
3.11691 6.46357 -0.209728 25.8247
3.12191 6.46305 0.00101609 15.4281
3.1269 6.46277 -0.167377 -41.7977
3.1319 6.46163 -0.235854 23.3306
3.13689 6.46106 0.0111577 15.6409
3.14189 6.46069 -0.206506 -24.1824
3.14688 6.45999 -0.0187037 24.9417
3.15188 6.45963 -0.189637 -42.9262
3.15687 6.45843 -0.235216 26.4346
3.16187 6.45784 -0.00335914 9.18748
3.16686 6.45731 -0.254923 -23.3124
3.17186 6.45649 -0.00892341 28.8064
3.17685 6.45606 -0.228833 -27.3525
3.18185 6.45527 -0.0279982 21.7389
3.18684 6.45472 -0.251815 -24.3877
3.19184 6.45387 -0.0280267 25.166
3.19683 6.45332 -0.252636 -25.2124
3.20183 6.45247 -0.0245607 24.0855
3.20682 6.45189 -0.275064 -27.9869
3.21182 6.45096 -0.0251199 29.1662
3.21681 6.45039 -0.274989 -29.5428
3.22181 6.44947 -0.0241716 29.5211
3.2268 6.44888 -0.286453 -37.1798
3.2318 6.44777 -0.0667971 51.7529
3.23679 6.44762 -0.0687556 -32.9015
3.24179 6.44677 -0.261693 -11.2399
3.24678 6.44577 -0.0900337 38.2429
3.25178 6.44551 -0.0652418 -26.3967
3.25677 6.44465 -0.28376 -16.3923
3.26177 6.44355 -0.0921966 44.2705
3.26676 6.44333 -0.0610726 -29.1774
3.27176 6.44242 -0.305102 -19.3757
3.27675 6.44123 -0.104891 42.4425
3.28175 6.44084 -0.102925 -9.88715
3.28674 6.44035 -0.0908398 -11.4496
3.29174 6.43947 -0.279074 -18.384
3.29673 6.43832 -0.123257 33.5856
3.30173 6.4378 -0.127469 -6.04734
3.30672 6.43725 -0.0869023 -9.42057
3.31172 6.43634 -0.301575 -22.315
3.31671 6.43512 -0.122975 38.3459
3.32171 6.43458 -0.141962 -12.9396
3.3267 6.43389 -0.115767 5.88847
3.3317 6.43326 -0.147879 -3.03034
3.33669 6.43262 -0.106797 -9.62957
3.34169 6.43162 -0.319766 -23.3477
3.34668 6.43028 -0.148581 40.4518
3.35168 6.42969 -0.137539 -10.9467
3.35667 6.42896 -0.141455 3.25032
3.36167 6.42827 -0.136396 -1.90987
3.36666 6.42754 -0.159457 -3.70309
3.37166 6.42673 -0.159108 0.704106
3.37665 6.42593 -0.163883 0.923523
3.38165 6.42516 -0.138894 3.4277
3.38664 6.42446 -0.154436 -6.40576
3.39164 6.42361 -0.182543 -1.74972
3.39663 6.42273 -0.161975 5.05816
3.40163 6.42195 -0.156597 -2.22592
3.40662 6.42112 -0.177968 -4.05579
3.41162 6.4202 -0.18436 2.26338
3.41661 6.41934 -0.157888 2.83045
3.42161 6.41852 -0.178178 -5.1899
3.4266 6.41761 -0.18174 1.71276
3.4316 6.41672 -0.175069 -1.71714
3.43659 6.41578 -0.204341 -2.46013
3.44159 6.41482 -0.173234 2.91389
3.44658 6.41387 -0.210825 7.03835
3.45158 6.41322 -0.0215074 22.199
3.45657 6.41287 -0.187367 -41.249
3.46157 6.41177 -0.202985 10.9193
3.46656 6.41079 -0.20121 -2.39511
3.47156 6.4098 -0.192162 -1.26257
3.47655 6.40874 -0.230104 7.3798
3.48155 6.40798 -0.0471267 23.8847
3.48654 6.40757 -0.182127 -38.7734
3.49154 6.40644 -0.228913 7.5058
3.49653 6.40541 -0.187973 -0.423475
3.50153 6.40432 -0.25365 3.41828
3.50652 6.40348 -0.0439422 28.759
3.51152 6.40305 -0.20681 -43.1638
3.51651 6.40186 -0.215838 9.82545
3.52151 6.40073 -0.250264 3.98623
3.5265 6.39986 -0.0647976 24.9277
3.5315 6.39933 -0.219252 -43.7762
3.53649 6.398 -0.257111 22.6061
3.54149 6.39717 -0.0646068 20.5241
3.54648 6.39664 -0.214008 -43.7597
3.55148 6.39527 -0.282038 19.1234
3.55647 6.39437 -0.0563764 24.2572
3.56147 6.39379 -0.252873 -37.1733
3.56646 6.39271 -0.096008 37.9235
3.57146 6.39215 -0.209473 -44.5686
3.57645 6.39076 -0.299777 14.0779
3.58145 6.38974 -0.0813488 27.0329
3.58644 6.38909 -0.252195 -34.2511
3.59144 6.388 -0.107194 31.7677
3.59643 6.38729 -0.25166 -31.4301
3.60143 6.38619 -0.113311 32.2687
3.60642 6.38552 -0.233131 -42.4248
3.61142 6.38407 -0.298601 16.9532
3.61641 6.38303 -0.0990027 22.3207
3.62141 6.38226 -0.27527 -33.1011
3.6264 6.3811 -0.109301 36.6164
3.6314 6.38039 -0.258236 -39.5473
3.63639 6.37912 -0.171427 40.5488
3.64139 6.37859 -0.079565 -11.8649
3.64638 6.37773 -0.298191 -29.0172
3.65138 6.37648 -0.12426 35.3546
3.65637 6.37564 -0.297249 -36.8249
3.66137 6.3744 -0.109357 42.603
3.66636 6.37368 -0.274645 -46.4009
3.67136 6.3723 -0.191367 42.2143
3.67635 6.37166 -0.106821 -10.6235
3.68135 6.37075 -0.283123 -27.7811
3.68634 6.36941 -0.191068 37.4837
3.69134 6.36877 -0.101277 -9.89664
3.69633 6.36783 -0.309428 -31.7551
3.70133 6.36643 -0.168701 46.9296
3.70632 6.36586 -0.119764 -21.033
3.71132 6.36482 -0.308528 -24.885
3.71631 6.36341 -0.189253 40.8683
3.72131 6.36275 -0.123402 -14.411
3.7263 6.36173 -0.305172 -27.1801
3.7313 6.3603 -0.20182 36.1951
3.73629 6.3595 -0.161201 -4.58266
3.74129 6.35871 -0.150602 -6.31483
3.74628 6.35764 -0.306584 -24.902
3.75128 6.35621 -0.200296 35.5012
3.75627 6.35539 -0.172375 -9.72743
3.76127 6.35446 -0.189953 3.41314
3.76626 6.35361 -0.147612 -3.86573
3.77126 6.35252 -0.326246 -30.4484
3.77625 6.35101 -0.205477 42.0509
3.78125 6.3502 -0.168334 -11.6998
3.78624 6.34925 -0.204627 -1.2695
3.79124 6.34828 -0.175875 4.64317
3.79623 6.34735 -0.209482 -5.05487
3.80123 6.34641 -0.147935 3.46935
3.80622 6.34532 -0.341676 -37.9903
3.81122 6.34369 -0.226642 44.3182
3.81621 6.34278 -0.192626 -11.8795
3.82121 6.34175 -0.202204 3.12772
3.8262 6.34076 -0.199144 -0.815784
3.8312 6.33976 -0.201448 0.301162
3.83619 6.33877 -0.194963 -0.349282
3.84119 6.33774 -0.221617 -4.60796
3.84618 6.33666 -0.200549 5.99973
3.85118 6.33565 -0.214674 -6.6031
3.85617 6.33453 -0.225633 2.02749
3.86117 6.33346 -0.199262 4.17619
3.86616 6.33245 -0.216003 -6.02383
3.87116 6.33134 -0.221132 1.59732
3.87615 6.33025 -0.219403 -0.442538
3.88115 6.32915 -0.221311 0.19358
3.88614 6.32805 -0.215058 -0.284255
3.89114 6.32693 -0.241833 -4.67845
3.89613 6.32575 -0.218667 6.03962
3.90113 6.32463 -0.242443 -6.3804
3.90612 6.32346 -0.212302 6.31859
3.91112 6.32231 -0.267822 -5.81575
3.91611 6.32126 -0.0994269 35.9718
3.92111 6.3207 -0.20925 -44.7165
3.9261 6.31942 -0.248436 11.9817
3.9311 6.31824 -0.23728 -3.22514
3.93609 6.31703 -0.242629 0.894916
3.94109 6.31585 -0.232444 -0.307959
3.94608 6.31461 -0.267437 0.363886
3.95108 6.31355 -0.120836 30.034
3.95607 6.3129 -0.207311 -38.4762
3.96107 6.31161 -0.27061 5.35444
3.96606 6.31035 -0.23035 3.55051
3.97106 6.3091 -0.288183 -5.99274
3.97605 6.30795 -0.120792 37.2446
3.98105 6.30729 -0.228763 -45.6555
3.98604 6.30592 -0.261457 12.3358
3.99104 6.30461 -0.285639 -3.6102
3.99603 6.30343 -0.140858 31.9319
4.00103 6.30269 -0.232737 -39.3293
4.00602 6.30133 -0.260641 10.7003
4.01102 6.30002 -0.284902 -3.40183
4.01601 6.29883 -0.145223 32.1509
4.02101 6.2981 -0.21772 -39.2294
4.026 6.29668 -0.316439 4.57975
4.031 6.29544 -0.141821 35.5323
4.03599 6.29468 -0.242128 -45.576
4.04099 6.2932 -0.297065 16.6491
4.04598 6.29203 -0.156883 22.059
4.05098 6.29118 -0.24293 -36.669
4.05597 6.28969 -0.317733 8.61059
4.06097 6.28843 -0.153472 30.1076
4.06596 6.28756 -0.276093 -40.4665
4.07096 6.28621 -0.173772 43.0034
4.07595 6.2854 -0.237283 -42.4253
4.08095 6.28389 -0.320604 9.79655
4.08594 6.28264 -0.148164 30.5824
4.09094 6.28175 -0.298585 -46.7471
4.09593 6.28032 -0.165274 51.1788
4.10093 6.27946 -0.293272 -52.4725
4.10592 6.27802 -0.168443 52.8919
4.11092 6.27716 -0.286619 -52.8341
4.11591 6.2757 -0.192611 47.4348
4.12091 6.27477 -0.273711 -40.8697
4.1259 6.27342 -0.181358 39.4498
4.1309 6.27246 -0.294064 -44.4372
4.13589 6.27101 -0.18825 45.7856
4.14089 6.27007 -0.287836 -45.9624
4.14588 6.2686 -0.206991 40.8676
4.15088 6.26756 -0.297384 -39.8645
4.15587 6.26612 -0.188184 44.9248
4.16087 6.26517 -0.286436 -46.0608
4.16586 6.2637 -0.211069 41.0065
4.17086 6.26267 -0.283875 -39.1842
4.17585 6.26118 -0.238534 36.6663
4.18085 6.26026 -0.168813 -7.7017
4.18584 6.25916 -0.294383 -26.2717
4.19084 6.25769 -0.237785 33.0926
4.19583 6.25677 -0.162377 -5.88649
4.20083 6.25565 -0.322019 -33.7336
4.20582 6.25411 -0.209531 44.2852
4.21082 6.25307 -0.301331 -46.4722
4.21581 6.25149 -0.243177 44.5213
4.22081 6.25056 -0.180004 -14.651
4.2258 6.24935 -0.322173 -25.7207
4.2308 6.2478 -0.230756 39.946
4.23579 6.24684 -0.211197 -16.8157
4.24079 6.24574 -0.201611 7.24235
4.24578 6.24457 -0.309549 -31.1252
4.25078 6.24299 -0.259203 34.7054
4.25577 6.24196 -0.188288 -6.30458
4.26077 6.24077 -0.314721 -27.9862
4.26576 6.2392 -0.250657 35.0335
4.27076 6.23814 -0.21842 -10.3734
4.27575 6.23705 -0.195236 6.55102
4.28075 6.23587 -0.328474 -37.6129
4.28574 6.23419 -0.262675 42.7481
4.29074 6.23315 -0.202505 -10.5024
4.29573 6.23202 -0.248086 -4.28315
4.30073 6.23085 -0.200181 10.6147
4.30572 6.22968 -0.322233 -38.5048
4.31072 6.22799 -0.281127 37.2513
4.31571 6.22685 -0.212508 -4.00311
4.32071 6.22574 -0.233937 -4.16437
4.3257 6.22453 -0.247323 0.0689249
4.3307 6.22335 -0.217188 3.78197
4.33569 6.22208 -0.32966 -31.777
4.34069 6.2204 -0.275878 36.3282
4.34568 6.21925 -0.230337 -9.76216
4.35068 6.21804 -0.242276 2.65391
4.35567 6.21684 -0.240628 -0.941634
4.36067 6.21564 -0.235443 1.11998
4.36566 6.21443 -0.258867 -6.73597
4.37066 6.21314 -0.242855 8.24568
4.37565 6.21194 -0.255772 -8.51098
4.38065 6.21064 -0.247398 7.99028
4.38564 6.20945 -0.240267 -2.60562
4.39064 6.20825 -0.232711 -0.59583
4.39563 6.20689 -0.347847 -31.2114
4.40063 6.2051 -0.302137 35.6422
4.40562 6.20386 -0.232422 -3.23942
4.41062 6.20264 -0.255016 -4.74921
4.41561 6.20134 -0.261378 1.24506
4.42061 6.20004 -0.259665 -0.297135
4.4256 6.19874 -0.259664 0.116288
4.4306 6.19744 -0.261633 -0.359252
4.43559 6.19615 -0.253867 1.42241
4.44059 6.19484 -0.283045 -5.45872
4.44558 6.1936 -0.169721 34.7167
4.45058 6.19277 -0.236968 -44.2151
4.45557 6.19134 -0.279964 17.3462
4.46057 6.19006 -0.250257 -3.62271
4.46556 6.18874 -0.279602 -5.79002
4.47056 6.18735 -0.263142 8.3287
4.47555 6.18605 -0.275985 -9.02259
4.48055 6.18465 -0.264824 9.11769
4.48554 6.18335 -0.272962 -8.6483
4.49054 6.18195 -0.275495 4.02512
4.49553 6.18054 -0.305398 -7.59308
4.50053 6.1792 -0.179275 41.8068
4.50552 6.17839 -0.229401 -45.809
4.51052 6.17695 -0.293792 12.2326
4.51551 6.17556 -0.275973 -3.13784
4.52051 6.17416 -0.282144 0.493203
4.5255 6.17276 -0.275238 1.06587
4.5305 6.17135 -0.297209 -4.8906
4.53549 6.16999 -0.213936 28.1635
4.54049 6.16899 -0.244433 -30.5533
4.54548 6.16756 -0.292156 7.36328
4.55048 6.16617 -0.267194 0.970544
4.55547 6.16475 -0.319733 -13.5055
4.56047 6.1633 -0.201747 44.92
4.56546 6.16239 -0.251954 -48.8056
4.57046 6.16086 -0.292757 21.5223
4.57545 6.15946 -0.30731 -17.6117
4.58045 6.158 -0.226056 37.8914
4.58544 6.157 -0.239284 -33.1196
4.59044 6.15557 -0.29778 4.75778
4.59543 6.15406 -0.319706 -7.66675
4.60043 6.1526 -0.221249 36.1942
4.60542 6.1516 -0.248498 -37.4549
4.61042 6.15006 -0.332933 3.53671
4.61541 6.14861 -0.218211 33.3932
4.62041 6.1476 -0.24887 -36.7488
4.6254 6.14607 -0.332842 3.15705
4.6304 6.14461 -0.218348 33.8548
4.63539 6.14361 -0.249598 -37.4115
4.64039 6.14207 -0.328224 4.81329
4.64538 6.14061 -0.236146 25.9535
4.65038 6.13951 -0.252947 -27.4064
4.65537 6.13797 -0.34701 -7.05918
4.66037 6.13641 -0.225873 44.2689
4.66536 6.13541 -0.26042 -47.084
4.67036 6.13378 -0.342414 11.8635
4.67535 6.13232 -0.221347 29.0401
4.68035 6.1312 -0.300738 -47.1309
4.68534 6.12962 -0.234068 57.5961
4.69034 6.12861 -0.277392 -58.7621
4.69533 6.12701 -0.261428 51.1354
4.70033 6.12592 -0.259925 -41.5963
4.70532 6.12429 -0.356252 2.96513
4.71032 6.12272 -0.233982 37.5483
4.71531 6.12161 -0.292395 -48.5066
4.72031 6.12002 -0.251544 51.5418
4.7253 6.11892 -0.286974 -52.3627
4.7303 6.11732 -0.254296 52.3654
4.73529 6.11622 -0.282465 -51.3071
4.74029 6.11462 -0.268688 45.4267
4.74528 6.11342 -0.297348 -45.5355
4.75028 6.11183 -0.247363 53.0345
4.75527 6.11072 -0.302045 -61.2049
4.76027 6.10903 -0.260959 63.483
4.76526 6.10793 -0.297714 -64.1384
4.77026 6.10623 -0.263978 63.9716
4.77525 6.10513 -0.291793 -62.3434
4.78025 6.10343 -0.283138 54.6021
4.78524 6.10223 -0.287718 -46.6795
4.79024 6.10064 -0.267845 45.4191
4.79523 6.09943 -0.299227 -49.1321
4.80023 6.09773 -0.301359 42.0435
4.80522 6.09655 -0.209258 -4.37868
4.81022 6.09534 -0.301957 -28.8614
4.81521 6.09374 -0.282929 31.1746
4.82021 6.09244 -0.291939 -29.9947
4.8252 6.09084 -0.303478 22.7746
4.8302 6.08956 -0.220234 8.9664
4.83519 6.08834 -0.311144 -40.2152
4.84019 6.08664 -0.29708 40.9616
4.84518 6.08546 -0.219073 -8.90635
4.85018 6.08414 -0.330838 -31.9915
4.85517 6.08245 -0.274176 48.3897
4.86017 6.08125 -0.29271 -49.5755
4.86516 6.07955 -0.313934 36.9356
4.87016 6.07826 -0.236168 -4.2718
4.87515 6.07706 -0.237698 2.36565
4.88015 6.07575 -0.316657 -31.114
4.88514 6.07406 -0.30924 31.4206
4.89014 6.07277 -0.233421 -1.03632
4.89513 6.07146 -0.317076 -30.0679
4.90013 6.06976 -0.310431 30.4987
4.90512 6.06847 -0.229406 1.57554
4.91012 6.06716 -0.331871 -39.6845
4.91511 6.06537 -0.316755 42.6497
4.92011 6.06407 -0.248133 -13.4498
4.9251 6.06277 -0.250682 11.0251
4.9301 6.06147 -0.30954 -32.6014
4.93509 6.05977 -0.320054 26.7622
4.94009 6.05838 -0.26392 -3.50245
4.94508 6.05708 -0.242054 11.1183
4.95008 6.05578 -0.327591 -43.1901
4.95507 6.05398 -0.316849 45.3181
4.96007 6.05268 -0.256749 -19.9932
4.96506 6.05128 -0.277731 11.0816
4.97006 6.04999 -0.250898 -0.587948
4.97505 6.04858 -0.339721 -33.8673
4.98005 6.04679 -0.315202 42.4523
4.98504 6.04549 -0.254142 -17.3593
4.99004 6.04409 -0.289184 3.19666
4.99503 6.04269 -0.268935 4.87753
5.00003 6.04139 -0.254267 0.846191
5.00502 6.03999 -0.33461 -32.6122
5.01002 6.03819 -0.329405 34.3646
5.01501 6.0368 -0.266483 -9.06189
5.02001 6.0354 -0.284493 1.83964
