# range of table (0,6.26256)
0 0 1.00007 -0.0141054
0.00626256 0.00626275 0.999986 -0.0141054
0.0125251 0.0125249 0.999897 -0.0141054
0.0187877 0.0187866 0.999808 -0.015787
0.0250502 0.0250476 0.999684 -0.0236269
0.0313128 0.0313076 0.999512 -0.0314668
0.0375754 0.0375665 0.999292 -0.0382805
0.0438379 0.0438238 0.999035 -0.0437281
0.0501005 0.0500794 0.998744 -0.0491757
0.056363 0.0563331 0.998417 -0.0557361
0.0626256 0.0625846 0.998045 -0.0629131
0.0688882 0.0688337 0.997629 -0.0700901
0.0751507 0.07508 0.997173 -0.0752065
0.0814133 0.0813233 0.996687 -0.0799816
0.0876758 0.0875635 0.996171 -0.0850198
0.0939384 0.0938004 0.995612 -0.0934259
0.100201 0.100034 0.995001 -0.101832
0.106464 0.106263 0.994338 -0.109197
0.112726 0.112488 0.993639 -0.113975
0.118989 0.118708 0.99291 -0.118753
0.125251 0.124924 0.992151 -0.124019
0.131514 0.131135 0.991356 -0.129769
0.137776 0.137341 0.990525 -0.135519
0.144039 0.143541 0.989656 -0.142603
0.150301 0.149736 0.988739 -0.150217
0.156564 0.155925 0.987774 -0.15783
0.162827 0.162108 0.986766 -0.164189
0.169089 0.168285 0.985718 -0.170454
0.175352 0.174454 0.984631 -0.176206
0.181614 0.180617 0.983519 -0.178923
0.187877 0.186773 0.98239 -0.181641
0.194139 0.192922 0.98124 -0.187399
0.200402 0.199063 0.980032 -0.198576
0.206664 0.205196 0.978753 -0.209753
0.212927 0.211322 0.977414 -0.215734
0.21919 0.217439 0.976056 -0.217855
0.225452 0.223547 0.974685 -0.219976
0.231715 0.229647 0.973288 -0.227245
0.237977 0.235737 0.971838 -0.235897
0.24424 0.241819 0.970334 -0.24454
0.250502 0.247891 0.968784 -0.250283
0.256765 0.253953 0.967199 -0.256025
0.263028 0.260005 0.965578 -0.261339
0.26929 0.266047 0.963929 -0.265109
0.275553 0.272078 0.962257 -0.26888
0.281815 0.278099 0.960559 -0.274256
0.288078 0.284109 0.958818 -0.281746
0.29434 0.290108 0.95703 -0.289236
0.300603 0.296096 0.955194 -0.297534
0.306865 0.302072 0.953303 -0.306274
0.313128 0.308036 0.951358 -0.315014
0.319391 0.313988 0.949378 -0.316248
0.325653 0.319927 0.947397 -0.316267
0.331916 0.325854 0.945416 -0.317219
0.338178 0.331769 0.943391 -0.329637
0.344441 0.33767 0.941288 -0.342055
0.350703 0.343558 0.93911 -0.350834
0.356966 0.349433 0.936913 -0.350691
0.363228 0.355293 0.934718 -0.350548
0.369491 0.36114 0.932515 -0.355211
0.375754 0.366973 0.930261 -0.3646
0.382016 0.372792 0.927948 -0.373988
0.388279 0.378596 0.925584 -0.380265
0.394541 0.384385 0.923187 -0.385323
0.400804 0.390159 0.920758 -0.39038
0.407066 0.395917 0.918295 -0.396104
0.413329 0.40166 0.915796 -0.401875
0.419592 0.407388 0.913261 -0.407865
0.425854 0.413099 0.910684 -0.415113
0.432117 0.418794 0.908062 -0.422362
0.438379 0.424472 0.905397 -0.427212
0.444642 0.430134 0.90272 -0.427839
0.450904 0.435779 0.900038 -0.428466
0.457167 0.441407 0.897342 -0.43535
0.463429 0.447018 0.894579 -0.44683
0.469692 0.452612 0.891745 -0.458309
0.475955 0.458187 0.888856 -0.463083
0.482217 0.463745 0.885946 -0.466087
0.48848 0.469284 0.883018 -0.4691
0.494742 0.474805 0.880065 -0.473921
0.501005 0.480307 0.877082 -0.478741
0.507267 0.48579 0.874069 -0.483827
0.51353 0.491254 0.87102 -0.489856
0.519792 0.4967 0.867933 -0.495884
0.526055 0.502125 0.864808 -0.502099
0.532318 0.507531 0.861644 -0.508557
0.53858 0.512917 0.858439 -0.515015
0.544843 0.518283 0.855197 -0.519573
0.551105 0.523629 0.851932 -0.523105
0.557368 0.528954 0.848645 -0.526636
0.56363 0.534258 0.845326 -0.533793
0.569893 0.539541 0.841959 -0.541524
0.576156 0.544804 0.838544 -0.548725
0.582418 0.550044 0.835104 -0.549662
0.588681 0.555263 0.831659 -0.550598
0.594943 0.560461 0.828206 -0.554115
0.601206 0.565637 0.824705 -0.563873
0.607468 0.57079 0.821143 -0.573631
0.613731 0.575921 0.817526 -0.57971
0.619993 0.58103 0.813888 -0.582212
0.626256 0.586115 0.810234 -0.584714
0.632519 0.591178 0.806554 -0.591578
0.638781 0.596218 0.802823 -0.600126
0.645044 0.601233 0.799037 -0.608674
0.651306 0.606226 0.795226 -0.608003
0.657569 0.611194 0.791422 -0.6067
0.663831 0.616138 0.787626 -0.607221
0.670094 0.621059 0.783789 -0.618039
0.676356 0.625955 0.779885 -0.628858
0.682619 0.630827 0.775917 -0.635911
0.688882 0.635674 0.771933 -0.636408
0.695144 0.640495 0.767946 -0.636906
0.701407 0.645292 0.763947 -0.641997
0.707669 0.650064 0.759901 -0.650424
0.713932 0.65481 0.755801 -0.65885
0.720194 0.65953 0.751663 -0.66153
0.726457 0.664225 0.747516 -0.662718
0.73272 0.668893 0.743362 -0.663964
0.738982 0.673535 0.739179 -0.67202
0.745245 0.678151 0.734945 -0.680076
0.751507 0.68274 0.730662 -0.686778
0.75777 0.687303 0.726354 -0.688757
0.764032 0.691838 0.722035 -0.690737
0.770295 0.696346 0.717701 -0.694151
0.776557 0.700827 0.713337 -0.699412
0.78282 0.705281 0.708941 -0.704673
0.789083 0.709707 0.704511 -0.709953
0.795345 0.714105 0.700048 -0.715243
0.801608 0.718475 0.695553 -0.720532
0.80787 0.722817 0.691032 -0.72288
0.814133 0.72713 0.686499 -0.724775
0.820395 0.731415 0.681954 -0.727192
0.826658 0.735672 0.677373 -0.73556
0.83292 0.739899 0.672741 -0.743929
0.839183 0.744098 0.668058 -0.749833
0.845446 0.748267 0.663362 -0.749857
0.851708 0.752406 0.658666 -0.749881
0.857971 0.756517 0.653965 -0.752795
0.864233 0.760597 0.649233 -0.758487
0.870496 0.764648 0.644465 -0.764179
0.876758 0.768669 0.639662 -0.769747
0.883021 0.77266 0.634824 -0.775266
0.889284 0.77662 0.629951 -0.780786
0.895546 0.78055 0.625058 -0.781633
0.901809 0.784449 0.620161 -0.782175
0.908071 0.788318 0.615261 -0.783625
0.914334 0.792155 0.610333 -0.790094
0.920596 0.795962 0.605365 -0.796564
0.926859 0.799738 0.600358 -0.801351
0.933121 0.803482 0.595333 -0.803245
0.939384 0.807194 0.590297 -0.805139
0.945647 0.810875 0.585243 -0.810116
0.951909 0.814524 0.580147 -0.817304
0.958172 0.818141 0.575006 -0.824493
0.964434 0.821726 0.569839 -0.824094
0.970697 0.825279 0.564686 -0.821759
0.976959 0.828799 0.559547 -0.819553
0.983222 0.832287 0.554385 -0.828783
0.989484 0.835743 0.549166 -0.838014
0.995747 0.839165 0.54389 -0.845343
1.00201 0.842555 0.538594 -0.846148
1.00827 0.845911 0.533292 -0.846952
1.01453 0.849234 0.527985 -0.848154
1.0208 0.852524 0.522668 -0.849863
1.02706 0.855781 0.517341 -0.851571
1.03332 0.859004 0.511996 -0.856428
1.03958 0.862194 0.506612 -0.862948
1.04585 0.865349 0.501187 -0.869467
1.05211 0.868471 0.495736 -0.870779
1.05837 0.871559 0.490281 -0.871307
1.06464 0.874612 0.484823 -0.872252
1.0709 0.877631 0.479343 -0.87778
1.07716 0.880616 0.473828 -0.883307
1.08342 0.883566 0.468281 -0.886769
1.08969 0.886481 0.462732 -0.885366
1.09595 0.889361 0.457192 -0.883962
1.10221 0.892207 0.451653 -0.88695
1.10847 0.895018 0.446076 -0.894115
1.11474 0.897794 0.440454 -0.90128
1.121 0.900535 0.434798 -0.904004
1.12726 0.90324 0.429133 -0.905061
1.13352 0.90591 0.423462 -0.906118
1.13979 0.908544 0.417779 -0.908783
1.14605 0.911143 0.412079 -0.911548
1.15231 0.913705 0.406362 -0.9142
1.15857 0.916232 0.40063 -0.916239
1.16484 0.918723 0.394886 -0.918278
1.1711 0.921178 0.389128 -0.92076
1.17736 0.923597 0.383352 -0.923996
1.18362 0.92598 0.377555 -0.927232
1.18989 0.928326 0.371742 -0.928092
1.19615 0.930636 0.365933 -0.927265
1.20241 0.932909 0.360128 -0.926439
1.20867 0.935147 0.354313 -0.931988
1.21494 0.937347 0.348454 -0.939137
1.2212 0.939511 0.34255 -0.946194
1.22746 0.941638 0.336623 -0.946738
1.23372 0.943727 0.330692 -0.947282
1.23999 0.94578 0.324759 -0.947189
1.24625 0.947795 0.318834 -0.944942
1.25251 0.949773 0.312923 -0.942694
1.25877 0.951714 0.30702 -0.945183
1.26504 0.953618 0.301074 -0.953628
1.2713 0.955485 0.295076 -0.962073
1.27756 0.957314 0.28904 -0.96285
1.28382 0.959105 0.28302 -0.959629
1.29009 0.960859 0.27702 -0.956408
1.29635 0.962575 0.271023 -0.959864
1.30261 0.964254 0.264998 -0.964301
1.30888 0.965894 0.258945 -0.968323
1.31514 0.967497 0.252882 -0.967953
1.3214 0.969062 0.246821 -0.967582
1.32766 0.970588 0.240761 -0.968564
1.33393 0.972077 0.234683 -0.972686
1.34019 0.973528 0.228578 -0.976808
1.34645 0.97494 0.222453 -0.977795
1.35271 0.976314 0.216336 -0.975834
1.35898 0.97765 0.210231 -0.973873
1.36524 0.978947 0.204129 -0.976059
1.3715 0.980206 0.198004 -0.979782
1.37776 0.981427 0.191857 -0.983504
1.38403 0.982609 0.185693 -0.984871
1.39029 0.983753 0.179521 -0.9861
1.39655 0.984858 0.173342 -0.986886
1.40281 0.985924 0.167166 -0.985329
1.40908 0.986952 0.161001 -0.983772
1.41534 0.987941 0.154842 -0.984662
1.4216 0.988891 0.14866 -0.989662
1.42786 0.989803 0.142446 -0.994662
1.43413 0.990675 0.136211 -0.994204
1.44039 0.991509 0.129998 -0.989919
1.44665 0.992303 0.123812 -0.985633
1.45291 0.993059 0.117634 -0.988848
1.45918 0.993777 0.111426 -0.993911
1.46544 0.994455 0.105186 -0.998859
1.4717 0.995094 0.0989359 -0.997048
1.47796 0.995694 0.0926975 -0.995238
1.48423 0.996255 0.0864697 -0.99435
1.49049 0.996777 0.0802357 -0.996529
1.49675 0.99726 0.0739881 -0.998709
1.50301 0.997704 0.067728 -0.999993
1.50928 0.998108 0.061465 -1.00016
1.51554 0.998474 0.0552009 -1.00033
1.5218 0.9988 0.0489398 -0.998503
1.52806 0.999087 0.0426956 -0.995643
1.53433 0.999335 0.0364693 -0.992782
1.54059 0.999544 0.030244 -0.996091
1.54685 0.999713 0.0239928 -1.00028
1.55311 0.999844 0.0177154 -1.00412
1.55938 0.999935 0.0114262 -1.00437
1.56564 0.999987 0.00513554 -1.00462
1.5719 1 -0.00115515 -1.00322
1.57817 0.999973 -0.00742163 -0.998038
1.58443 0.999907 -0.0136557 -0.992859
1.59069 0.999802 -0.019867 -0.993634
1.59695 0.999658 -0.0261094 -0.999947
1.60322 0.999475 -0.0323914 -1.00626
1.60948 0.999252 -0.0386924 -1.00361
1.61574 0.99899 -0.0449591 -0.997696
1.622 0.998689 -0.0511887 -0.991779
1.62827 0.998349 -0.0574068 -0.994496
1.63453 0.99797 -0.0636449 -0.997696
1.64079 0.997552 -0.0699028 -1.00041
1.64705 0.997094 -0.0761686 -1.00061
1.65332 0.996598 -0.0824356 -1.0008
1.65958 0.996062 -0.0887019 -0.999427
1.66584 0.995487 -0.0949484 -0.995441
1.6721 0.994873 -0.10117 -0.991454
1.67837 0.99422 -0.107373 -0.990762
1.68463 0.993528 -0.113582 -0.992355
1.69089 0.992797 -0.119802 -0.993948
1.69715 0.992027 -0.126024 -0.992339
1.70342 0.991219 -0.132231 -0.989954
1.70968 0.990371 -0.138423 -0.987632
1.71594 0.989485 -0.144611 -0.988502
1.7222 0.98856 -0.150804 -0.989371
1.72847 0.987596 -0.157002 -0.989782
1.73473 0.986593 -0.163197 -0.988688
1.74099 0.985552 -0.169386 -0.987593
1.74725 0.984472 -0.175566 -0.985388
1.75352 0.983353 -0.181725 -0.981817
1.75978 0.982196 -0.187863 -0.978245
1.76604 0.981 -0.193985 -0.977853
1.7723 0.979766 -0.200112 -0.979076
1.77857 0.978494 -0.206248 -0.9803
1.78483 0.977183 -0.212385 -0.979289
1.79109 0.975833 -0.218513 -0.977967
1.79735 0.974446 -0.224634 -0.976489
1.80362 0.97302 -0.23074 -0.973477
1.80988 0.971556 -0.236827 -0.970465
1.81614 0.970054 -0.242895 -0.968135
1.8224 0.968514 -0.248956 -0.967348
1.82867 0.966935 -0.255012 -0.966562
1.83493 0.96532 -0.261062 -0.965706
1.84119 0.963666 -0.267107 -0.964786
1.84746 0.961974 -0.273146 -0.963866
1.85372 0.960245 -0.279177 -0.961702
1.85998 0.958477 -0.285191 -0.959089
1.86624 0.956672 -0.291189 -0.956477
1.87251 0.95483 -0.297171 -0.953698
1.87877 0.95295 -0.303135 -0.950911
1.88503 0.951033 -0.309081 -0.948517
1.89129 0.949079 -0.31502 -0.948121
1.89756 0.947088 -0.320957 -0.947726
1.90382 0.945059 -0.32689 -0.946454
1.91008 0.942993 -0.332808 -0.943745
1.91634 0.940891 -0.33871 -0.941037
1.92261 0.938751 -0.344595 -0.938199
1.92887 0.936575 -0.350461 -0.935272
1.93513 0.934362 -0.356309 -0.932346
1.94139 0.932112 -0.362145 -0.931992
1.94766 0.929826 -0.367983 -0.932249
1.95392 0.927503 -0.373822 -0.932386
1.96018 0.925144 -0.379645 -0.927203
1.96644 0.922748 -0.385435 -0.92202
1.97271 0.920316 -0.391194 -0.917884
1.97897 0.917848 -0.39694 -0.917122
1.98523 0.915344 -0.402681 -0.91636
1.99149 0.912804 -0.408414 -0.913268
1.99776 0.910229 -0.414115 -0.907342
2.00402 0.907618 -0.419779 -0.901417
2.01028 0.904971 -0.425418 -0.901586
2.01654 0.902289 -0.431074 -0.904816
2.02281 0.899572 -0.436751 -0.908046
2.02907 0.896819 -0.442423 -0.902277
2.03533 0.894031 -0.448052 -0.895284
2.04159 0.891207 -0.453636 -0.888615
2.04786 0.888349 -0.45919 -0.885044
2.05412 0.885456 -0.464722 -0.881474
2.06038 0.882528 -0.470232 -0.87902
2.06664 0.879566 -0.475737 -0.87906
2.07291 0.876569 -0.481242 -0.8791
2.07917 0.873538 -0.486745 -0.877198
2.08543 0.870473 -0.492227 -0.87353
2.0917 0.867373 -0.497686 -0.869863
2.09796 0.864239 -0.503117 -0.864027
2.10422 0.861072 -0.508507 -0.857423
2.11048 0.85787 -0.513856 -0.850818
2.11675 0.854636 -0.519188 -0.852194
2.12301 0.851368 -0.52453 -0.853967
2.12927 0.848066 -0.529883 -0.854179
2.13553 0.844731 -0.535208 -0.846614
2.1418 0.841362 -0.540487 -0.839049
2.14806 0.837961 -0.545721 -0.834437
2.15432 0.834527 -0.550947 -0.834611
2.16058 0.83106 -0.556175 -0.834785
2.16685 0.827561 -0.561395 -0.830512
2.17311 0.824029 -0.566573 -0.823225
2.17937 0.820465 -0.571706 -0.815938
2.18563 0.816868 -0.576809 -0.815093
2.1919 0.81324 -0.581916 -0.815754
2.19816 0.80958 -0.587027 -0.816159
2.20442 0.805888 -0.592108 -0.806647
2.21068 0.802164 -0.59713 -0.797134
2.21695 0.798409 -0.602094 -0.790379
2.22321 0.794622 -0.60705 -0.792376
2.22947 0.790805 -0.612019 -0.794374
2.23573 0.786957 -0.616995 -0.792942
2.242 0.783077 -0.621944 -0.787387
2.24826 0.779167 -0.626857 -0.781833
2.25452 0.775226 -0.631733 -0.774582
2.26078 0.771255 -0.636558 -0.76649
2.26705 0.767253 -0.641333 -0.758398
2.27331 0.763222 -0.646083 -0.759686
2.27957 0.759161 -0.650849 -0.762217
2.28583 0.75507 -0.65563 -0.763613
2.2921 0.750949 -0.660383 -0.754502
2.29836 0.746799 -0.66508 -0.745391
2.30462 0.742619 -0.669722 -0.738661
2.31088 0.73841 -0.674343 -0.737183
2.31715 0.734173 -0.678955 -0.735704
2.32341 0.729906 -0.683554 -0.731735
2.32967 0.725611 -0.688117 -0.725526
2.33593 0.721288 -0.692641 -0.719317
2.3422 0.716936 -0.697134 -0.716228
2.34846 0.712556 -0.701613 -0.714229
2.35472 0.708148 -0.706079 -0.712231
2.36099 0.703712 -0.710519 -0.705423
2.36725 0.699249 -0.714915 -0.698391
2.37351 0.694758 -0.719267 -0.691659
2.37977 0.69024 -0.723582 -0.686394
2.38604 0.685695 -0.727864 -0.681129
2.3923 0.681124 -0.732115 -0.677803
2.39856 0.676525 -0.736359 -0.677581
2.40482 0.671901 -0.740602 -0.67736
2.41109 0.667249 -0.744835 -0.672477
2.41735 0.662571 -0.749021 -0.66447
2.42361 0.657868 -0.753157 -0.656464
2.42987 0.653138 -0.757253 -0.652411
2.43614 0.648383 -0.761329 -0.649266
2.4424 0.643602 -0.765385 -0.645993
2.44866 0.638797 -0.769407 -0.638268
2.45492 0.633966 -0.77338 -0.630543
2.46119 0.62911 -0.777306 -0.624364
2.46745 0.62423 -0.781212 -0.623017
2.47371 0.619325 -0.785109 -0.62167
2.47997 0.614396 -0.788994 -0.617228
2.48624 0.609443 -0.792834 -0.609105
2.4925 0.604466 -0.796623 -0.600982
2.49876 0.599465 -0.80037 -0.59727
2.50502 0.594441 -0.804106 -0.595718
2.51129 0.589394 -0.807832 -0.594166
2.51755 0.584323 -0.811535 -0.587873
2.52381 0.579229 -0.815195 -0.580968
2.53007 0.574113 -0.818811 -0.574132
2.53634 0.568974 -0.822387 -0.567911
2.5426 0.563812 -0.825925 -0.561689
2.54886 0.558629 -0.829424 -0.556292
2.55512 0.553424 -0.832896 -0.552692
2.56139 0.548197 -0.836346 -0.549092
2.56765 0.542949 -0.83977 -0.543327
2.57391 0.537679 -0.843148 -0.535635
2.58017 0.532388 -0.846479 -0.527944
2.58644 0.527077 -0.849773 -0.52521
2.5927 0.521745 -0.853058 -0.524185
2.59896 0.516392 -0.856338 -0.52316
2.60522 0.511019 -0.859587 -0.514069
2.61149 0.505626 -0.862777 -0.504626
2.61775 0.500213 -0.865908 -0.49618
2.62401 0.49478 -0.869004 -0.492505
2.63028 0.489328 -0.872077 -0.488831
2.63654 0.483857 -0.875126 -0.484963
2.6428 0.478367 -0.87815 -0.480791
2.64906 0.472859 -0.881148 -0.476618
2.65533 0.467331 -0.884116 -0.470174
2.66159 0.461785 -0.887035 -0.462226
2.66785 0.456221 -0.889905 -0.454278
2.67411 0.450639 -0.892728 -0.447507
2.68038 0.445039 -0.89551 -0.441001
2.68664 0.439423 -0.898252 -0.434652
2.6929 0.433789 -0.900969 -0.43323
2.69916 0.428138 -0.903678 -0.431809
2.70543 0.42247 -0.906376 -0.428519
2.71169 0.416786 -0.909032 -0.419475
2.71795 0.411085 -0.91163 -0.41043
2.72421 0.405367 -0.914175 -0.403304
2.73048 0.399634 -0.916686 -0.398434
2.73674 0.393886 -0.919166 -0.393565
2.743 0.388122 -0.921612 -0.387348
2.74926 0.382343 -0.924017 -0.380479
2.75553 0.376548 -0.926378 -0.373611
2.76179 0.37074 -0.928705 -0.370137
2.76805 0.364916 -0.931014 -0.367088
2.77431 0.359079 -0.933303 -0.3634
2.78058 0.353227 -0.93555 -0.35415
2.78684 0.347361 -0.937739 -0.3449
2.7931 0.341482 -0.939872 -0.337819
2.79936 0.335589 -0.94198 -0.335397
2.80563 0.329683 -0.944073 -0.332975
2.81189 0.323764 -0.946144 -0.326853
2.81815 0.317833 -0.948162 -0.317477
2.82441 0.311889 -0.950121 -0.3081
2.83068 0.305932 -0.952033 -0.303826
2.83694 0.299964 -0.953928 -0.301285
2.8432 0.293984 -0.955807 -0.298743
2.84946 0.287993 -0.957652 -0.290215
2.85573 0.28199 -0.959442 -0.281444
2.86199 0.275976 -0.961177 -0.273362
2.86825 0.269951 -0.962874 -0.268518
2.87452 0.263916 -0.96454 -0.263674
2.88078 0.25787 -0.966175 -0.257894
2.88704 0.251814 -0.967768 -0.25065
2.8933 0.245749 -0.969315 -0.243406
2.89957 0.239674 -0.970823 -0.23959
2.90583 0.233589 -0.972318 -0.238018
2.91209 0.227495 -0.973804 -0.236446
2.91835 0.221392 -0.975252 -0.224057
2.92462 0.21528 -0.976609 -0.209275
2.93088 0.20916 -0.977873 -0.195124
2.93714 0.203032 -0.979108 -0.199195
2.9434 0.196897 -0.980368 -0.203265
2.94967 0.190753 -0.98165 -0.202445
2.95593 0.184602 -0.982869 -0.186787
2.96219 0.178443 -0.98399 -0.17113
2.96845 0.172277 -0.985024 -0.163606
2.97472 0.166105 -0.986055 -0.16554
2.98098 0.159927 -0.987098 -0.167473
2.98724 0.153742 -0.988131 -0.159088
2.9935 0.147551 -0.989085 -0.145776
2.99977 0.141354 -0.989956 -0.132464
3.00603 0.135151 -0.990782 -0.132591
3.01229 0.128944 -0.991618 -0.134357
3.01855 0.122731 -0.992464 -0.134349
3.02482 0.116513 -0.993259 -0.119365
3.03108 0.110291 -0.993959 -0.104381
3.03734 0.104064 -0.994571 -0.0942382
3.0436 0.0978336 -0.995161 -0.0943662
3.04987 0.0915995 -0.995753 -0.0944941
3.05613 0.0853616 -0.996337 -0.089801
3.06239 0.0791203 -0.996871 -0.0809144
3.06865 0.0728758 -0.99735 -0.0720279
3.07492 0.0666285 -0.997779 -0.0655769
3.08118 0.0603786 -0.998172 -0.0599408
3.08744 0.0541263 -0.99853 -0.0543047
3.0937 0.047872 -0.998851 -0.0482367
3.09997 0.0416157 -0.999134 -0.0421525
3.10623 0.0353578 -0.999379 -0.0359345
3.11249 0.0290984 -0.999583 -0.0291002
3.11875 0.022838 -0.999744 -0.022266
3.12502 0.0165766 -0.999862 -0.015813
3.13128 0.0103147 -0.999943 -0.00994964
3.13754 0.0040523 -0.999987 -0.00408626
3.14381 -0.00221022 -0.999994 0.00196064
3.15007 -0.00847266 -0.999962 0.00812623
3.15633 -0.0147348 -0.999892 0.0142918
3.16259 -0.0209963 -0.999782 0.0208435
3.16886 -0.0272571 -0.999631 0.027479
3.17512 -0.0335168 -0.999438 0.0340868
3.18138 -0.0397751 -0.999206 0.0399561
3.18764 -0.0460318 -0.998937 0.0458255
3.19391 -0.0522868 -0.998632 0.0519017
3.20017 -0.0585397 -0.998286 0.058596
3.20643 -0.0647904 -0.997898 0.0652903
3.21269 -0.0710385 -0.997469 0.0711353
3.21896 -0.0772837 -0.997009 0.0760038
3.22522 -0.083526 -0.996517 0.0808723
3.23148 -0.0897652 -0.995989 0.0887007
3.23774 -0.0960008 -0.995405 0.097924
3.24401 -0.102233 -0.994763 0.107147
3.25027 -0.10846 -0.994079 0.110656
3.25653 -0.114684 -0.993377 0.113487
3.26279 -0.120902 -0.992657 0.116854
3.26906 -0.127117 -0.991901 0.124618
3.27532 -0.133326 -0.991096 0.132382
3.28158 -0.13953 -0.990243 0.14041
3.28784 -0.145729 -0.989337 0.148994
3.29411 -0.151922 -0.988377 0.157578
3.30037 -0.158108 -0.98737 0.161747
3.30663 -0.164288 -0.986356 0.162117
3.31289 -0.170462 -0.98534 0.162487
3.31916 -0.17663 -0.984302 0.17098
3.32542 -0.182791 -0.983196 0.18215
3.33168 -0.188944 -0.98202 0.19332
3.33794 -0.195091 -0.980794 0.198041
3.34421 -0.201229 -0.97954 0.202539
3.35047 -0.207359 -0.978257 0.207351
3.35673 -0.213482 -0.976939 0.213579
3.36299 -0.219596 -0.975582 0.219807
3.36926 -0.225701 -0.974186 0.225938
3.37552 -0.231797 -0.972753 0.231918
3.38178 -0.237885 -0.971281 0.237899
3.38804 -0.243963 -0.969774 0.243428
3.39431 -0.250031 -0.968233 0.248669
3.40057 -0.25609 -0.966659 0.25391
3.40683 -0.262139 -0.965046 0.261795
3.4131 -0.268177 -0.96338 0.270241
3.41936 -0.274205 -0.961661 0.278493
3.42562 -0.280222 -0.959906 0.281935
3.43188 -0.286228 -0.95813 0.285377
3.43815 -0.292222 -0.956331 0.289493
3.44441 -0.298206 -0.954499 0.29559
3.45067 -0.304178 -0.952629 0.301687
3.45693 -0.310138 -0.950719 0.308469
3.4632 -0.316085 -0.948764 0.31603
3.46946 -0.322021 -0.946761 0.32359
3.47572 -0.327944 -0.944713 0.330175
3.48198 -0.333853 -0.942626 0.336305
3.48825 -0.33975 -0.940501 0.342435
3.49451 -0.345633 -0.938344 0.346036
3.50077 -0.351503 -0.936167 0.349348
3.50703 -0.357359 -0.933968 0.353286
3.5133 -0.363201 -0.931728 0.362224
3.51956 -0.369029 -0.929431 0.371163
3.52582 -0.374842 -0.927081 0.378298
3.53208 -0.38064 -0.924701 0.381703
3.53835 -0.386424 -0.9223 0.385107
3.54461 -0.392192 -0.919875 0.389783
3.55087 -0.397945 -0.917416 0.395539
3.55713 -0.403683 -0.914921 0.401295
3.5634 -0.409405 -0.912384 0.409471
3.56966 -0.415111 -0.909792 0.418434
3.57592 -0.4208 -0.907143 0.427397
3.58218 -0.426473 -0.904463 0.428508
3.58845 -0.432128 -0.901776 0.429371
3.59471 -0.437767 -0.899084 0.431697
3.60097 -0.443389 -0.896353 0.440518
3.60723 -0.448994 -0.893566 0.449339
3.6135 -0.454581 -0.890726 0.457165
3.61976 -0.460151 -0.887843 0.463488
3.62602 -0.465702 -0.884921 0.469811
3.63228 -0.471234 -0.881965 0.473042
3.63855 -0.476748 -0.878998 0.474321
3.64481 -0.482244 -0.876024 0.475599
3.65107 -0.487721 -0.873023 0.483926
3.65734 -0.493178 -0.869962 0.493725
3.6636 -0.498617 -0.866839 0.503197
3.66986 -0.504036 -0.863682 0.505195
3.67612 -0.509435 -0.860511 0.507193
3.68239 -0.514814 -0.857327 0.511376
3.68865 -0.520173 -0.854092 0.521899
3.69491 -0.525511 -0.85079 0.532422
3.70117 -0.530829 -0.847431 0.537228
3.70744 -0.536125 -0.844072 0.535608
3.7137 -0.541401 -0.840723 0.533987
3.71996 -0.546655 -0.837367 0.540409
3.72622 -0.551889 -0.833951 0.550525
3.73249 -0.557101 -0.830471 0.56064
3.73875 -0.56229 -0.826945 0.564919
3.74501 -0.567458 -0.823396 0.568546
3.75127 -0.572604 -0.819824 0.572181
3.75754 -0.577726 -0.816229 0.575868
3.7638 -0.582827 -0.812611 0.579554
3.77006 -0.587904 -0.808968 0.585296
3.77632 -0.592959 -0.805271 0.595234
3.78259 -0.59799 -0.801512 0.605173
3.78885 -0.602998 -0.797701 0.609186
3.79511 -0.607982 -0.793889 0.608216
3.80137 -0.612942 -0.790083 0.607246
3.80764 -0.617878 -0.786267 0.613146
3.8139 -0.62279 -0.782402 0.621244
3.82016 -0.627677 -0.778486 0.629342
3.82642 -0.63254 -0.774532 0.633427
3.83269 -0.637378 -0.770552 0.637397
3.83895 -0.642191 -0.766548 0.641435
3.84521 -0.646979 -0.762518 0.645772
3.85147 -0.651742 -0.75846 0.650108
3.85774 -0.656479 -0.754374 0.655512
3.864 -0.66119 -0.750246 0.662509
3.87026 -0.665876 -0.746076 0.669505
3.87652 -0.670535 -0.741866 0.674084
3.88279 -0.675168 -0.737634 0.677153
3.88905 -0.679774 -0.733384 0.680222
3.89531 -0.684353 -0.729117 0.682372
3.90157 -0.688906 -0.724837 0.684335
3.90784 -0.693432 -0.720546 0.68667
3.9141 -0.697931 -0.716213 0.696985
3.92036 -0.702403 -0.711816 0.707301
3.92663 -0.706847 -0.707356 0.714749
3.93289 -0.711262 -0.702882 0.713994
3.93915 -0.71565 -0.698413 0.713239
3.94541 -0.72001 -0.693944 0.71609
3.95168 -0.724342 -0.689438 0.72295
3.95794 -0.728645 -0.684889 0.72981
3.9642 -0.73292 -0.680304 0.733071
3.97046 -0.737166 -0.675708 0.7347
3.97673 -0.741383 -0.671102 0.736329
3.98299 -0.745572 -0.66647 0.74358
3.98925 -0.749731 -0.661789 0.751439
3.99551 -0.753861 -0.657058 0.75865
4.00178 -0.757961 -0.6523 0.760979
4.00804 -0.762031 -0.647527 0.763307
4.0143 -0.766071 -0.642739 0.76621
4.02056 -0.770081 -0.637928 0.770273
4.02683 -0.774061 -0.633091 0.774336
4.03309 -0.778011 -0.62823 0.77763
4.03935 -0.78193 -0.623352 0.780286
4.04561 -0.785818 -0.618457 0.782941
4.05188 -0.789676 -0.613539 0.788559
4.05814 -0.793503 -0.60858 0.795109
4.0644 -0.797298 -0.60358 0.80166
4.07066 -0.801062 -0.59856 0.801293
4.07693 -0.804795 -0.593543 0.800748
4.08319 -0.808497 -0.588529 0.80216
4.08945 -0.812167 -0.583475 0.811945
4.09571 -0.815805 -0.57836 0.821731
4.10198 -0.81941 -0.573189 0.826269
4.10824 -0.822984 -0.568025 0.823065
4.1145 -0.826525 -0.56288 0.81986
4.12076 -0.830034 -0.55774 0.82489
4.12703 -0.833511 -0.552542 0.835001
4.13329 -0.836955 -0.547282 0.845113
4.13955 -0.840365 -0.541983 0.845263
4.14581 -0.843743 -0.536696 0.843414
4.15208 -0.847088 -0.531419 0.841859
4.15834 -0.850399 -0.526134 0.846221
4.1646 -0.853677 -0.52082 0.850584
4.17086 -0.856922 -0.51548 0.855279
4.17713 -0.860134 -0.510106 0.860914
4.18339 -0.863311 -0.504697 0.866549
4.18965 -0.866455 -0.499255 0.870172
4.19592 -0.869565 -0.493801 0.871584
4.20218 -0.87264 -0.488338 0.872996
4.20844 -0.875681 -0.482865 0.875418
4.2147 -0.878688 -0.477373 0.878291
4.22097 -0.88166 -0.471864 0.881164
4.22723 -0.884598 -0.466341 0.882569
4.23349 -0.887501 -0.46081 0.883821
4.23975 -0.89037 -0.455271 0.885675
4.24602 -0.893204 -0.449704 0.891952
4.25228 -0.896002 -0.444099 0.898229
4.25854 -0.898766 -0.438455 0.903061
4.2648 -0.901494 -0.432794 0.905014
4.27107 -0.904187 -0.42712 0.906967
4.27733 -0.906844 -0.421436 0.907885
4.28359 -0.909465 -0.41575 0.907951
4.28985 -0.912051 -0.410064 0.908017
4.29612 -0.914601 -0.404368 0.911743
4.30238 -0.917116 -0.398643 0.916603
4.30864 -0.919594 -0.392887 0.921464
4.3149 -0.922037 -0.387111 0.92326
4.32117 -0.924443 -0.381324 0.924986
4.32743 -0.926813 -0.375525 0.92684
4.33369 -0.929146 -0.369713 0.929232
4.33995 -0.931443 -0.363887 0.931623
4.34622 -0.933704 -0.358044 0.934207
4.35248 -0.935928 -0.352185 0.937071
4.35874 -0.938115 -0.346308 0.939935
4.365 -0.940265 -0.340415 0.941212
4.37127 -0.942379 -0.33452 0.94152
4.37753 -0.944455 -0.328623 0.941829
4.38379 -0.946495 -0.322718 0.94437
4.39005 -0.948497 -0.316794 0.947351
4.39632 -0.950463 -0.310852 0.950279
4.40258 -0.952391 -0.304895 0.952204
4.40884 -0.954281 -0.298925 0.954129
4.4151 -0.956135 -0.292944 0.956464
4.42137 -0.957951 -0.286943 0.959941
4.42763 -0.959729 -0.28092 0.963418
4.43389 -0.961469 -0.27488 0.964426
4.44016 -0.963172 -0.268845 0.96275
4.44642 -0.964836 -0.262821 0.961075
4.45268 -0.966464 -0.2568 0.962799
4.45894 -0.968053 -0.250761 0.966025
4.46521 -0.969604 -0.244701 0.969251
4.47147 -0.971118 -0.238621 0.972206
4.47773 -0.972593 -0.232524 0.975135
4.48399 -0.97403 -0.226408 0.977608
4.49026 -0.975429 -0.220288 0.976826
4.49652 -0.976789 -0.214173 0.976043
4.50278 -0.978111 -0.208063 0.975593
4.50904 -0.979395 -0.201952 0.975794
4.51531 -0.980641 -0.195841 0.975996
4.52157 -0.981848 -0.189721 0.979977
4.52783 -0.983017 -0.183562 0.987032
4.53409 -0.984147 -0.177358 0.994086
4.54036 -0.985238 -0.171137 0.990233
4.54662 -0.986291 -0.164958 0.983048
4.55288 -0.987305 -0.158824 0.975862
4.55914 -0.98828 -0.152691 0.983105
4.56541 -0.989217 -0.146511 0.990635
4.57167 -0.990115 -0.140284 0.996365
4.57793 -0.990974 -0.13405 0.994666
4.58419 -0.991794 -0.127826 0.992967
4.59046 -0.992575 -0.121612 0.991664
4.59672 -0.993317 -0.115404 0.990929
4.60298 -0.994021 -0.109201 0.990195
4.60924 -0.994685 -0.102995 0.992812
4.61551 -0.995311 -0.0967634 0.997447
4.62177 -0.995897 -0.0905023 1.00208
4.62803 -0.996444 -0.0842304 0.99977
4.63429 -0.996952 -0.0779807 0.99612
4.64056 -0.997421 -0.0717538 0.992816
4.64682 -0.997851 -0.0655272 0.995703
4.65308 -0.998242 -0.0592825 0.998591
4.65934 -0.998593 -0.0530206 1.00049
4.66561 -0.998906 -0.0467575 0.999665
4.67187 -0.999179 -0.0404996 0.998845
4.67813 -0.999413 -0.034246 0.99861
4.68439 -0.999608 -0.0279909 0.999007
4.69066 -0.999763 -0.0217333 0.999403
4.69692 -0.99988 -0.015475 0.998991
4.70318 -0.999957 -0.00922117 0.998226
4.70945 -0.999995 -0.00297211 0.997461
4.71571 -0.999995 0.00328106 0.999818
4.72197 -0.999954 0.00955082 1.00248
4.72823 -0.999875 0.015837 1.00446
4.7345 -0.999756 0.0221187 1.00165
4.74076 -0.999598 0.0283828 0.998843
4.74702 -0.999401 0.0346309 0.997496
4.75328 -0.999164 0.0408824 0.998985
4.75955 -0.998888 0.0471433 1.00047
4.76581 -0.998574 0.053409 0.999392
4.77207 -0.99822 0.0596579 0.996242
4.77833 -0.997826 0.065887 0.993093
4.7846 -0.997394 0.0721098 0.995464
4.79086 -0.996923 0.0783566 0.999495
4.79712 -0.996413 0.0846286 1.00353
4.80338 -0.995863 0.0908958 0.997795
4.80965 -0.995274 0.0971261 0.991898
4.81591 -0.994647 0.103321 0.988236
4.82217 -0.99398 0.109527 0.993635
4.82843 -0.993275 0.115766 0.999035
4.8347 -0.99253 0.122032 0.998653
4.84096 -0.991747 0.128259 0.99003
4.84722 -0.990924 0.134432 0.981407
4.85348 -0.990063 0.140572 0.983113
4.85975 -0.989163 0.146753 0.990972
4.86601 -0.988225 0.152984 0.998831
4.87227 -0.987247 0.159227 0.992798
4.87853 -0.98623 0.165417 0.984142
4.8848 -0.985175 0.171554 0.976277
4.89106 -0.984082 0.177685 0.981805
4.89732 -0.98295 0.183851 0.987332
4.90358 -0.981779 0.190049 0.989643
4.90985 -0.980569 0.196227 0.983267
4.91611 -0.979321 0.202364 0.976892
4.92237 -0.978035 0.208466 0.972996
4.92863 -0.97671 0.214555 0.971737
4.9349 -0.975347 0.220637 0.970477
4.94116 -0.973947 0.226719 0.973129
4.94742 -0.972508 0.232827 0.977463
4.95368 -0.97103 0.238962 0.981797
4.95995 -0.969515 0.245089 0.973949
4.96621 -0.967961 0.251161 0.96495
4.97247 -0.966369 0.257176 0.957533
4.97874 -0.96474 0.263183 0.960883
4.985 -0.963072 0.269211 0.964232
4.99126 -0.961368 0.275258 0.964927
4.99752 -0.959625 0.281287 0.960528
5.00379 -0.957845 0.287288 0.956128
5.01005 -0.956027 0.293267 0.954231
5.01631 -0.954171 0.299243 0.954322
5.02257 -0.952279 0.30522 0.954414
5.02884 -0.950348 0.311191 0.952085
5.0351 -0.948381 0.317144 0.949039
5.04136 -0.946376 0.323078 0.945993
5.04762 -0.944334 0.328996 0.943915
5.05389 -0.942255 0.334901 0.94185
5.06015 -0.94014 0.340793 0.939628
5.06641 -0.937987 0.346668 0.936775
5.07267 -0.935798 0.352526 0.933923
5.07894 -0.933572 0.358367 0.931971
5.0852 -0.931309 0.364201 0.931288
5.09146 -0.92901 0.370031 0.930605
5.09772 -0.926674 0.375856 0.929412
5.10399 -0.924302 0.381672 0.927917
5.11025 -0.921894 0.387478 0.926423
5.11651 -0.919449 0.393262 0.919863
5.12277 -0.916968 0.398999 0.912366
5.12904 -0.914452 0.40469 0.905492
5.1353 -0.9119 0.41037 0.908661
5.14156 -0.909312 0.416071 0.91183
5.14782 -0.906688 0.421789 0.91272
5.15409 -0.904029 0.427489 0.907542
5.16035 -0.901334 0.433156 0.902364
5.16661 -0.898604 0.438792 0.897911
5.17287 -0.895838 0.444404 0.89422
5.17914 -0.893037 0.449992 0.89053
5.1854 -0.890202 0.455562 0.888521
5.19166 -0.887332 0.461122 0.887225
5.19792 -0.884426 0.466674 0.885929
5.20419 -0.881486 0.472208 0.880979
5.21045 -0.878512 0.477708 0.875696
5.21671 -0.875503 0.483176 0.871261
5.22298 -0.87246 0.488636 0.872454
5.22924 -0.869383 0.494104 0.873646
5.2355 -0.866271 0.499576 0.872159
5.24176 -0.863126 0.505017 0.865594
5.24803 -0.859946 0.510418 0.859029
5.25429 -0.856733 0.51578 0.854322
5.26055 -0.853486 0.52112 0.851077
5.26681 -0.850206 0.52644 0.847831
5.27308 -0.846892 0.531742 0.845792
5.27934 -0.843546 0.537034 0.844104
5.2856 -0.840166 0.542315 0.842416
5.29186 -0.836753 0.547578 0.838285
5.29813 -0.833307 0.552814 0.834126
5.30439 -0.829829 0.558025 0.830221
5.31065 -0.826318 0.563216 0.827309
5.31691 -0.822775 0.568387 0.824397
5.32318 -0.819199 0.57354 0.820434
5.32944 -0.815591 0.578661 0.815004
5.3357 -0.811951 0.583748 0.809574
5.34196 -0.80828 0.588803 0.805249
5.34823 -0.804577 0.593834 0.801566
5.35449 -0.800842 0.598843 0.797883
5.36075 -0.797076 0.603834 0.79641
5.36701 -0.793279 0.608818 0.795337
5.37328 -0.78945 0.613795 0.793951
5.37954 -0.785591 0.618748 0.787769
5.3858 -0.781701 0.623662 0.781588
5.39206 -0.77778 0.628539 0.776418
5.39833 -0.773828 0.633393 0.773902
5.40459 -0.769846 0.638232 0.771386
5.41085 -0.765834 0.643053 0.767657
5.41711 -0.761792 0.647845 0.762667
5.42338 -0.75772 0.652605 0.757676
5.42964 -0.753618 0.657334 0.75209
5.4359 -0.749487 0.662025 0.746255
5.44216 -0.745326 0.66668 0.74042
5.44843 -0.741137 0.671315 0.739965
5.45469 -0.736918 0.675949 0.739984
5.46095 -0.73267 0.680583 0.738878
5.46721 -0.728394 0.685184 0.730481
5.47348 -0.724088 0.689732 0.722085
5.47974 -0.719755 0.69423 0.715977
5.486 -0.715393 0.698708 0.714152
5.49227 -0.711004 0.703175 0.712328
5.49853 -0.706586 0.707627 0.708412
5.50479 -0.70214 0.712046 0.702872
5.51105 -0.697667 0.71643 0.697331
5.51732 -0.693167 0.720782 0.692734
5.52358 -0.68864 0.725107 0.688409
5.52984 -0.684085 0.729405 0.684083
5.5361 -0.679504 0.733672 0.678623
5.54237 -0.674896 0.737904 0.673153
5.54863 -0.670262 0.742103 0.668376
5.55489 -0.665601 0.746283 0.666267
5.56115 -0.660914 0.750449 0.664157
5.56742 -0.656202 0.754598 0.659853
5.57368 -0.651463 0.758708 0.652526
5.57994 -0.646699 0.762771 0.645198
5.5862 -0.641909 0.766793 0.640002
5.59247 -0.637095 0.770789 0.63603
5.59873 -0.632255 0.77476 0.632058
5.60499 -0.627391 0.778703 0.627129
5.61125 -0.622502 0.782614 0.62203
5.61752 -0.617588 0.786494 0.617005
5.62378 -0.612651 0.790346 0.613058
5.63004 -0.607689 0.794172 0.609111
5.6363 -0.602704 0.797974 0.604195
5.64257 -0.597695 0.801734 0.596769
5.64883 -0.592662 0.805448 0.589342
5.65509 -0.587606 0.80912 0.58472
5.66135 -0.582528 0.812777 0.582982
5.66762 -0.577426 0.816422 0.581243
5.67388 -0.572302 0.820049 0.575885
5.68014 -0.567155 0.823634 0.569029
5.6864 -0.561986 0.827176 0.562174
5.69267 -0.556795 0.830677 0.555894
5.69893 -0.551582 0.834139 0.549662
5.70519 -0.546347 0.837562 0.543789
5.71145 -0.541091 0.840956 0.540178
5.71772 -0.535814 0.844327 0.536567
5.72398 -0.530516 0.847675 0.531542
5.73024 -0.525197 0.85098 0.523904
5.7365 -0.519858 0.854237 0.516266
5.74277 -0.514498 0.857452 0.512253
5.74903 -0.509118 0.860657 0.511024
5.75529 -0.503718 0.863853 0.509795
5.76156 -0.498298 0.867028 0.502753
5.76782 -0.492858 0.870149 0.49407
5.77408 -0.487399 0.873216 0.485388
5.78034 -0.481921 0.876235 0.478865
5.78661 -0.476425 0.879214 0.472354
5.79287 -0.470909 0.882152 0.467064
5.79913 -0.465376 0.885075 0.466399
5.80539 -0.459824 0.887994 0.465734
5.81166 -0.454253 0.890902 0.460243
5.81792 -0.448665 0.893747 0.44818
5.82418 -0.443059 0.896516 0.436117
5.83044 -0.437436 0.899224 0.431346
5.83671 -0.431796 0.901923 0.430714
5.84297 -0.42614 0.904618 0.430082
5.84923 -0.420466 0.907296 0.424325
5.85549 -0.414776 0.909933 0.417679
5.86176 -0.409069 0.912528 0.410931
5.86802 -0.403346 0.915076 0.402753
5.87428 -0.397608 0.917572 0.394576
5.88054 -0.391854 0.920019 0.387823
5.88681 -0.386084 0.922438 0.384709
5.89307 -0.3803 0.924837 0.381596
5.89933 -0.374501 0.927214 0.376217
5.90559 -0.368687 0.929546 0.368536
5.91186 -0.362858 0.93183 0.360854
5.91812 -0.357015 0.934075 0.357527
5.92438 -0.351159 0.93631 0.355974
5.93064 -0.345288 0.938534 0.354422
5.93691 -0.339404 0.940714 0.340967
5.94317 -0.333506 0.942804 0.326544
5.94943 -0.327595 0.944805 0.314494
5.95569 -0.321672 0.946783 0.317112
5.96196 -0.315736 0.948777 0.31973
5.96822 -0.309788 0.950783 0.317812
5.97448 -0.303828 0.952741 0.307606
5.98074 -0.297855 0.954636 0.297401
5.98701 -0.291871 0.956472 0.29057
5.99327 -0.285875 0.958278 0.286304
5.99953 -0.279869 0.960058 0.282037
6.0058 -0.273851 0.961804 0.274755
6.01206 -0.267822 0.963499 0.266635
6.01832 -0.261783 0.965143 0.258516
6.02458 -0.255734 0.966744 0.252784
6.03085 -0.249674 0.968309 0.247058
6.03711 -0.243605 0.969839 0.241619
6.04337 -0.237527 0.971338 0.237249
6.04963 -0.231439 0.97281 0.232879
6.0559 -0.225343 0.974255 0.228195
6.06216 -0.219237 0.975668 0.223088
6.06842 -0.213122 0.977049 0.217981
6.07468 -0.206999 0.978391 0.209359
6.08095 -0.200868 0.979669 0.198765
6.08721 -0.194729 0.980881 0.188171
6.09347 -0.188582 0.982045 0.18487
6.09973 -0.182429 0.983197 0.182803
6.106 -0.176268 0.984335 0.180222
6.11226 -0.1701 0.985434 0.170769
6.11852 -0.163925 0.986474 0.161315
6.12478 -0.157744 0.987456 0.153812
6.13105 -0.151557 0.988411 0.151223
6.13731 -0.145364 0.98935 0.148634
6.14357 -0.139166 0.990268 0.143096
6.14983 -0.132961 0.991138 0.134591
6.1561 -0.126752 0.991954 0.126086
6.16236 -0.120537 0.992721 0.119466
6.16862 -0.114318 0.993451 0.113604
6.17488 -0.108094 0.994144 0.107742
6.18115 -0.101866 0.9948 0.101502
6.18741 -0.095634 0.995416 0.0952319
6.19367 -0.0893983 0.995992 0.0890195
6.19993 -0.0831592 0.996531 0.0831529
6.2062 -0.0769167 0.997034 0.0772862
6.21246 -0.0706713 0.997499 0.0712425
6.21872 -0.064423 0.997926 0.0648792
6.22498 -0.0581722 0.998312 0.0585159
6.23125 -0.0519191 0.998657 0.0514402
6.23751 -0.045664 0.998955 0.0438292
6.24377 -0.0394072 0.999206 0.0362182
6.25003 -0.0331489 0.999424 0.0345857
6.2563 -0.0268893 0.99964 0.0345857
6.26256 -0.0206283 0.999857 0.0345857
